	1	117	9000	5280	1.090458488	0.15	4	4842	0	1	;
	2	87	9000	5280	1.090458488	0.15	4	4842	0	1	;
	3	74	9000	5280	1.090458488	0.15	4	4842	0	1	;
	4	233	9000	5280	1.090458488	0.15	4	4842	0	1	;
	5	165	9000	5280	1.090458488	0.15	4	4842	0	1	;
	6	213	9000	5280	1.090458488	0.15	4	4842	0	1	;
	7	253	9000	5280	1.090458488	0.15	4	4842	0	1	;
	8	411	5400	2640	1	0.15	4	2640	0	1	;
	9	379	5400	2640	1	0.15	4	2640	0	1	;
	9	395	5400	2640	1	0.15	4	2640	0	1	;
	10	338	5400	2640	1	0.15	4	2640	0	1	;
	10	362	5400	2640	1	0.15	4	2640	0	1	;
	11	309	5400	2640	1	0.15	4	2640	0	1	;
	12	275	5400	2640	1	0.15	4	2640	0	1	;
	13	262	5400	2640	1	0.15	4	2640	0	1	;
	14	257	5400	2640	1	0.15	4	2640	0	1	;
	15	254	5400	2640	1	0.15	4	2640	0	1	;
	16	263	5400	2640	1	0.15	4	2640	0	1	;
	17	276	5400	2640	1	0.15	4	2640	0	1	;
	18	322	5400	2640	1	0.15	4	2640	0	1	;
	18	348	5400	2640	1	0.15	4	2640	0	1	;
	19	364	5400	2640	1	0.15	4	2640	0	1	;
	19	380	5400	2640	1	0.15	4	2640	0	1	;
	20	397	5400	2640	1	0.15	4	2640	0	1	;
	21	412	5400	2640	1	0.15	4	2640	0	1	;
	21	413	5400	2640	1	0.15	4	2640	0	1	;
	22	414	5400	2640	1	0.15	4	2640	0	1	;
	22	415	5400	2640	1	0.15	4	2640	0	1	;
	23	416	5400	2640	1	0.15	4	2640	0	1	;
	24	266	12600	1320	0.149068323	0.15	4	8855	0	1	;
	24	267	12600	1320	0.149068323	0.15	4	8855	0	1	;
	25	268	12600	1320	0.149068323	0.15	4	8855	0	1	;
	25	269	12600	1320	0.149068323	0.15	4	8855	0	1	;
	26	273	12600	1320	0.149068323	0.15	4	8855	0	1	;
	26	274	12600	1320	0.149068323	0.15	4	8855	0	1	;
	27	302	12600	1320	0.149068323	0.15	4	8855	0	1	;
	27	303	12600	1320	0.149068323	0.15	4	8855	0	1	;
	28	303	12600	1320	0.149068323	0.15	4	8855	0	1	;
	28	304	12600	1320	0.149068323	0.15	4	8855	0	1	;
	29	308	12600	1320	0.149068323	0.15	4	8855	0	1	;
	29	337	12600	1320	0.149068323	0.15	4	8855	0	1	;
	30	340	12600	1320	0.149068323	0.15	4	8855	0	1	;
	30	341	12600	1320	0.149068323	0.15	4	8855	0	1	;
	31	329	12600	1320	0.149068323	0.15	4	8855	0	1	;
	31	330	12600	1320	0.149068323	0.15	4	8855	0	1	;
	32	332	12600	1320	0.149068323	0.15	4	8855	0	1	;
	32	333	12600	1320	0.149068323	0.15	4	8855	0	1	;
	33	337	12600	1320	0.149068323	0.15	4	8855	0	1	;
	33	361	12600	1320	0.149068323	0.15	4	8855	0	1	;
	34	369	12600	1320	0.149068323	0.15	4	8855	0	1	;
	34	385	12600	1320	0.149068323	0.15	4	8855	0	1	;
	35	373	12600	1320	0.149068323	0.15	4	8855	0	1	;
	35	389	12600	1320	0.149068323	0.15	4	8855	0	1	;
	36	378	12600	1320	0.149068323	0.15	4	8855	0	1	;
	36	394	12600	1320	0.149068323	0.15	4	8855	0	1	;
	37	401	12600	1320	0.149068323	0.15	4	8855	0	1	;
	37	402	12600	1320	0.149068323	0.15	4	8855	0	1	;
	38	406	12600	1320	0.149068323	0.15	4	8855	0	1	;
	38	407	12600	1320	0.149068323	0.15	4	8855	0	1	;
	39	266	5400	3854	1.459848485	0.15	4	2640	0	1	;
	39	267	5400	3854	1.459848485	0.15	4	2640	0	1	;
	40	268	5400	3485	1.320075758	0.15	4	2640	0	1	;
	40	269	5400	3485	1.320075758	0.15	4	2640	0	1	;
	41	273	5400	2640	1	0.15	4	2640	0	1	;
	41	274	5400	2640	1	0.15	4	2640	0	1	;
	42	302	5400	2640	1	0.15	4	2640	0	1	;
	42	303	5400	2640	1	0.15	4	2640	0	1	;
	43	303	5400	4066	1.540151515	0.15	4	2640	0	1	;
	43	304	5400	4066	1.540151515	0.15	4	2640	0	1	;
	44	308	5400	2640	1	0.15	4	2640	0	1	;
	44	337	5400	7920	3	0.15	4	2640	0	1	;
	45	340	5400	2640	1	0.15	4	2640	0	1	;
	45	341	5400	2640	1	0.15	4	2640	0	1	;
	46	329	5400	2640	1	0.15	4	2640	0	1	;
	46	330	5400	2640	1	0.15	4	2640	0	1	;
	47	332	5400	2429	0.920075758	0.15	4	2640	0	1	;
	47	333	5400	2482	0.940151515	0.15	4	2640	0	1	;
	48	337	5400	2640	1	0.15	4	2640	0	1	;
	48	361	5400	2640	1	0.15	4	2640	0	1	;
	49	369	5400	2640	1	0.15	4	2640	0	1	;
	49	385	5400	2640	1	0.15	4	2640	0	1	;
	50	373	5400	2640	1	0.15	4	2640	0	1	;
	50	389	5400	2640	1	0.15	4	2640	0	1	;
	51	378	5400	2640	1	0.15	4	2640	0	1	;
	51	394	5400	2640	1	0.15	4	2640	0	1	;
	52	401	5400	2640	1	0.15	4	2640	0	1	;
	52	402	5400	2640	1	0.15	4	2640	0	1	;
	53	406	5400	2851	1.079924242	0.15	4	2640	0	1	;
	53	407	5400	2798	1.059848485	0.15	4	2640	0	1	;
	54	56	9000	1320	0.333333333	0.15	4	3960	0	1	;
	54	230	9000	1320	0.333333333	0.15	4	3960	0	1	;
	55	59	9000	1320	0.333333333	0.15	4	3960	0	1	;
	56	102	9000	1320	0.333333333	0.15	4	3960	0	1	;
	57	54	9000	1320	0.333333333	0.15	4	3960	0	1	;
	57	235	9000	1320	0.333333333	0.15	4	3960	0	1	;
	58	137	9000	1320	0.333333333	0.15	4	3960	0	1	;
	58	145	9000	1320	0.333333333	0.15	4	3960	0	1	;
	59	146	9000	1320	0.333333333	0.15	4	3960	0	1	;
	60	102	9000	1320	0.333333333	0.15	4	3960	0	1	;
	60	230	9000	1320	0.333333333	0.15	4	3960	0	1	;
	61	136	9000	1320	0.333333333	0.15	4	3960	0	1	;
	62	2	9000	5280	1.090458488	0.15	4	4842	0	1	;
	63	62	7200	5280	1.090458488	0.15	4	4842	0	1	;
	64	63	7200	2640	0.545229244	0.15	4	4842	0	1	;
	64	189	7200	1320	0.333333333	0.15	4	3960	0	1	;
	65	64	7200	1690	0.349029327	0.15	4	4842	0	1	;
	66	65	7200	1109	0.229037588	0.15	4	4842	0	1	;
	67	66	7200	1320	0.272614622	0.15	4	4842	0	1	;
	67	260	1800	1320	0.5	0.15	4	2640	0	1	;
	68	67	7200	8501	1.755679471	0.15	4	4842	0	1	;
	69	68	7200	1320	0.272614622	0.15	4	4842	0	1	;
	69	258	1800	1320	0.5	0.15	4	2640	0	1	;
	70	69	7200	6811	1.406650145	0.15	4	4842	0	1	;
	71	70	7200	1320	0.272614622	0.15	4	4842	0	1	;
	71	255	1800	1320	0.5	0.15	4	2640	0	1	;
	72	71	7200	1320	0.272614622	0.15	4	4842	0	1	;
	73	72	7200	2270	0.468814539	0.15	4	4842	0	1	;
	73	141	7200	1320	0.333333333	0.15	4	3960	0	1	;
	74	73	7200	5280	1.090458488	0.15	4	4842	0	1	;
	75	3	9000	5280	1.090458488	0.15	4	4842	0	1	;
	76	75	7200	5280	1.090458488	0.15	4	4842	0	1	;
	77	76	7200	2270	0.468814539	0.15	4	4842	0	1	;
	77	141	7200	1320	0.333333333	0.15	4	3960	0	1	;
	78	77	7200	1320	0.272614622	0.15	4	4842	0	1	;
	79	78	7200	1320	0.272614622	0.15	4	4842	0	1	;
	79	256	1800	1320	0.5	0.15	4	2640	0	1	;
	80	79	7200	6811	1.406650145	0.15	4	4842	0	1	;
	81	80	7200	1320	0.272614622	0.15	4	4842	0	1	;
	81	259	1800	1320	0.5	0.15	4	2640	0	1	;
	82	81	7200	8501	1.755679471	0.15	4	4842	0	1	;
	83	82	7200	1320	0.272614622	0.15	4	4842	0	1	;
	83	261	1800	1320	0.5	0.15	4	2640	0	1	;
	84	83	7200	1109	0.229037588	0.15	4	4842	0	1	;
	85	84	7200	1690	0.349029327	0.15	4	4842	0	1	;
	86	85	7200	2640	0.545229244	0.15	4	4842	0	1	;
	86	189	7200	1320	0.333333333	0.15	4	3960	0	1	;
	87	86	7200	5280	1.090458488	0.15	4	4842	0	1	;
	88	1	9000	5280	1.090458488	0.15	4	4842	0	1	;
	89	88	7200	5280	1.090458488	0.15	4	4842	0	1	;
	90	89	7200	1320	0.272614622	0.15	4	4842	0	1	;
	90	293	1800	1320	0.5	0.15	4	2640	0	1	;
	91	90	7200	1109	0.229037588	0.15	4	4842	0	1	;
	92	91	7200	1531	0.316191656	0.15	4	4842	0	1	;
	93	92	7200	1690	0.349029327	0.15	4	4842	0	1	;
	93	183	7200	1320	0.333333333	0.15	4	3960	0	1	;
	93	195	7200	1320	0.333333333	0.15	4	3960	0	1	;
	94	93	7200	3379	0.697852127	0.15	4	4842	0	1	;
	95	94	7200	1320	0.272614622	0.15	4	4842	0	1	;
	95	290	1800	1320	0.5	0.15	4	2640	0	1	;
	96	95	7200	6019	1.243081371	0.15	4	4842	0	1	;
	97	96	7200	1320	0.272614622	0.15	4	4842	0	1	;
	97	288	1800	1320	0.5	0.15	4	2640	0	1	;
	98	97	7200	3010	0.621643949	0.15	4	4842	0	1	;
	99	98	7200	1320	0.272614622	0.15	4	4842	0	1	;
	99	283	1800	1320	0.5	0.15	4	2640	0	1	;
	100	99	7200	1901	0.392606361	0.15	4	4842	0	1	;
	101	100	7200	1320	0.272614622	0.15	4	4842	0	1	;
	101	278	1800	1320	0.5	0.15	4	2640	0	1	;
	102	101	7200	3749	0.774266832	0.15	4	4842	0	1	;
	103	59	9000	1320	0.333333333	0.15	4	3960	0	1	;
	103	61	9000	1320	0.333333333	0.15	4	3960	0	1	;
	103	237	9000	1320	0.333333333	0.15	4	3960	0	1	;
	104	103	7200	3749	0.774266832	0.15	4	4842	0	1	;
	105	104	7200	1320	0.272614622	0.15	4	4842	0	1	;
	105	279	1800	1320	0.5	0.15	4	2640	0	1	;
	106	105	7200	1901	0.392606361	0.15	4	4842	0	1	;
	107	106	7200	1320	0.272614622	0.15	4	4842	0	1	;
	107	284	1800	1320	0.5	0.15	4	2640	0	1	;
	108	107	7200	3010	0.621643949	0.15	4	4842	0	1	;
	109	108	7200	1320	0.272614622	0.15	4	4842	0	1	;
	109	289	1800	1320	0.5	0.15	4	2640	0	1	;
	110	109	7200	6019	1.243081371	0.15	4	4842	0	1	;
	111	110	7200	1320	0.272614622	0.15	4	4842	0	1	;
	111	291	1800	1320	0.5	0.15	4	2640	0	1	;
	112	111	7200	3379	0.697852127	0.15	4	4842	0	1	;
	113	112	7200	1690	0.349029327	0.15	4	4842	0	1	;
	113	183	7200	1320	0.333333333	0.15	4	3960	0	1	;
	113	195	7200	1320	0.333333333	0.15	4	3960	0	1	;
	114	113	7200	1531	0.316191656	0.15	4	4842	0	1	;
	115	114	7200	1109	0.229037588	0.15	4	4842	0	1	;
	116	115	7200	1320	0.272614622	0.15	4	4842	0	1	;
	116	294	1800	1320	0.5	0.15	4	2640	0	1	;
	117	116	7200	5280	1.090458488	0.15	4	4842	0	1	;
	118	5	9000	5280	1.090458488	0.15	4	4842	0	1	;
	119	118	7200	5280	1.090458488	0.15	4	4842	0	1	;
	120	119	7200	1320	0.272614622	0.15	4	4842	0	1	;
	120	400	1800	1320	0.5	0.15	4	2640	0	1	;
	121	120	7200	2640	0.545229244	0.15	4	4842	0	1	;
	122	121	7200	3010	0.621643949	0.15	4	4842	0	1	;
	123	122	7200	1320	0.272614622	0.15	4	4842	0	1	;
	123	382	1800	1320	0.5	0.15	4	2640	0	1	;
	124	123	7200	4171	0.8614209	0.15	4	4842	0	1	;
	125	124	7200	1320	0.272614622	0.15	4	4842	0	1	;
	125	366	1800	1320	0.5	0.15	4	2640	0	1	;
	126	125	7200	4171	0.8614209	0.15	4	4842	0	1	;
	127	126	7200	1320	0.272614622	0.15	4	4842	0	1	;
	127	350	1800	1320	0.5	0.15	4	2640	0	1	;
	128	127	7200	3010	0.621643949	0.15	4	4842	0	1	;
	129	128	7200	1531	0.316191656	0.15	4	4842	0	1	;
	130	129	7200	1320	0.272614622	0.15	4	4842	0	1	;
	130	324	1800	1320	0.5	0.15	4	2640	0	1	;
	131	130	7200	4171	0.8614209	0.15	4	4842	0	1	;
	132	131	7200	1531	0.316191656	0.15	4	4842	0	1	;
	132	314	1800	1320	0.5	0.15	4	2640	0	1	;
	133	132	7200	2270	0.468814539	0.15	4	4842	0	1	;
	134	133	7200	1690	0.349029327	0.15	4	4842	0	1	;
	135	134	7200	1320	0.272614622	0.15	4	4842	0	1	;
	135	298	1800	1320	0.5	0.15	4	2640	0	1	;
	136	135	7200	739	0.152622883	0.15	4	4842	0	1	;
	137	136	7200	3062	0.632383313	0.15	4	4842	0	1	;
	138	60	9000	1320	0.333333333	0.15	4	3960	0	1	;
	138	137	7200	634	0.130937629	0.15	4	4842	0	1	;
	138	236	9000	1320	0.333333333	0.15	4	3960	0	1	;
	139	138	7200	5280	1.090458488	0.15	4	4842	0	1	;
	140	139	7200	1320	0.272614622	0.15	4	4842	0	1	;
	140	265	1800	1320	0.5	0.15	4	2640	0	1	;
	141	140	7200	4541	0.937835605	0.15	4	4842	0	1	;
	142	72	7200	1320	0.333333333	0.15	4	3960	0	1	;
	142	76	7200	1320	0.333333333	0.15	4	3960	0	1	;
	143	142	7200	4541	0.937835605	0.15	4	4842	0	1	;
	144	143	7200	1320	0.272614622	0.15	4	4842	0	1	;
	144	264	1800	1320	0.5	0.15	4	2640	0	1	;
	145	144	7200	4330	0.894258571	0.15	4	4842	0	1	;
	146	145	7200	581	0.119991739	0.15	4	4842	0	1	;
	147	57	9000	1320	0.333333333	0.15	4	3960	0	1	;
	147	146	7200	3696	0.763320942	0.15	4	4842	0	1	;
	148	147	7200	1109	0.229037588	0.15	4	4842	0	1	;
	149	148	7200	1320	0.272614622	0.15	4	4842	0	1	;
	149	297	1800	1320	0.5	0.15	4	2640	0	1	;
	150	149	7200	1690	0.349029327	0.15	4	4842	0	1	;
	151	150	7200	1109	0.229037588	0.15	4	4842	0	1	;
	152	151	7200	3010	0.621643949	0.15	4	4842	0	1	;
	152	310	1800	1320	0.5	0.15	4	2640	0	1	;
	153	152	7200	3379	0.697852127	0.15	4	4842	0	1	;
	154	153	7200	1320	0.272614622	0.15	4	4842	0	1	;
	154	323	1800	1320	0.5	0.15	4	2640	0	1	;
	155	154	7200	1531	0.316191656	0.15	4	4842	0	1	;
	156	155	7200	3010	0.621643949	0.15	4	4842	0	1	;
	157	156	7200	1320	0.272614622	0.15	4	4842	0	1	;
	157	349	1800	1320	0.5	0.15	4	2640	0	1	;
	158	157	7200	4171	0.8614209	0.15	4	4842	0	1	;
	159	158	7200	1320	0.272614622	0.15	4	4842	0	1	;
	159	365	1800	1320	0.5	0.15	4	2640	0	1	;
	160	159	7200	4171	0.8614209	0.15	4	4842	0	1	;
	161	160	7200	1320	0.272614622	0.15	4	4842	0	1	;
	161	381	1800	1320	0.5	0.15	4	2640	0	1	;
	162	161	7200	3010	0.621643949	0.15	4	4842	0	1	;
	163	162	7200	2640	0.545229244	0.15	4	4842	0	1	;
	164	163	7200	1320	0.272614622	0.15	4	4842	0	1	;
	164	399	1800	1320	0.5	0.15	4	2640	0	1	;
	165	164	7200	5280	1.090458488	0.15	4	4842	0	1	;
	166	6	9000	5280	1.090458488	0.15	4	4842	0	1	;
	167	166	7200	5280	1.090458488	0.15	4	4842	0	1	;
	168	167	7200	1320	0.272614622	0.15	4	4842	0	1	;
	168	409	1800	1320	0.5	0.15	4	2640	0	1	;
	169	168	7200	3749	0.774266832	0.15	4	4842	0	1	;
	170	169	7200	1690	0.349029327	0.15	4	4842	0	1	;
	171	170	7200	317	0.065468815	0.15	4	4842	0	1	;
	171	216	7200	1320	0.333333333	0.15	4	3960	0	1	;
	172	171	7200	1373	0.283560512	0.15	4	4842	0	1	;
	172	393	1800	1320	0.5	0.15	4	2640	0	1	;
	173	172	7200	2429	0.50165221	0.15	4	4842	0	1	;
	174	173	7200	1109	0.229037588	0.15	4	4842	0	1	;
	175	174	7200	1320	0.272614622	0.15	4	4842	0	1	;
	175	377	1800	1320	0.5	0.15	4	2640	0	1	;
	176	175	7200	3960	0.817843866	0.15	4	4842	0	1	;
	177	176	7200	1320	0.272614622	0.15	4	4842	0	1	;
	177	360	1800	1320	0.5	0.15	4	2640	0	1	;
	178	177	7200	3960	0.817843866	0.15	4	4842	0	1	;
	179	178	7200	1320	0.272614622	0.15	4	4842	0	1	;
	179	336	1800	1320	0.5	0.15	4	2640	0	1	;
	180	179	7200	9240	1.908302354	0.15	4	4842	0	1	;
	181	180	7200	1320	0.272614622	0.15	4	4842	0	1	;
	181	307	1800	1320	0.5	0.15	4	2640	0	1	;
	182	181	7200	739	0.152622883	0.15	4	4842	0	1	;
	183	182	7200	1901	0.392606361	0.15	4	4842	0	1	;
	184	92	7200	1320	0.333333333	0.15	4	3960	0	1	;
	184	112	7200	1320	0.333333333	0.15	4	3960	0	1	;
	184	183	7200	1901	0.392606361	0.15	4	4842	0	1	;
	185	184	7200	3590	0.741429162	0.15	4	4842	0	1	;
	186	185	7200	1901	0.392606361	0.15	4	4842	0	1	;
	187	186	7200	1320	0.272614622	0.15	4	4842	0	1	;
	187	272	1800	1320	0.5	0.15	4	2640	0	1	;
	188	187	7200	4330	0.894258571	0.15	4	4842	0	1	;
	189	188	7200	3749	0.774266832	0.15	4	4842	0	1	;
	190	63	7200	1320	0.333333333	0.15	4	3960	0	1	;
	190	85	7200	1320	0.333333333	0.15	4	3960	0	1	;
	191	190	7200	3749	0.774266832	0.15	4	4842	0	1	;
	192	191	7200	4330	0.894258571	0.15	4	4842	0	1	;
	193	192	7200	1320	0.272614622	0.15	4	4842	0	1	;
	193	271	1800	1320	0.5	0.15	4	2640	0	1	;
	194	193	7200	1901	0.392606361	0.15	4	4842	0	1	;
	195	194	7200	3590	0.741429162	0.15	4	4842	0	1	;
	196	92	7200	1320	0.333333333	0.15	4	3960	0	1	;
	196	112	7200	1320	0.333333333	0.15	4	3960	0	1	;
	196	195	7200	1901	0.392606361	0.15	4	4842	0	1	;
	197	196	7200	1901	0.392606361	0.15	4	4842	0	1	;
	198	197	7200	739	0.152622883	0.15	4	4842	0	1	;
	199	198	7200	1320	0.272614622	0.15	4	4842	0	1	;
	199	306	1800	1320	0.5	0.15	4	2640	0	1	;
	200	199	7200	9240	1.908302354	0.15	4	4842	0	1	;
	201	200	7200	1320	0.272614622	0.15	4	4842	0	1	;
	201	335	1800	1320	0.5	0.15	4	2640	0	1	;
	202	201	7200	3960	0.817843866	0.15	4	4842	0	1	;
	203	202	7200	1320	0.272614622	0.15	4	4842	0	1	;
	203	359	1800	1320	0.5	0.15	4	2640	0	1	;
	204	203	7200	3960	0.817843866	0.15	4	4842	0	1	;
	205	204	7200	1320	0.272614622	0.15	4	4842	0	1	;
	205	376	1800	1320	0.5	0.15	4	2640	0	1	;
	206	205	7200	1109	0.229037588	0.15	4	4842	0	1	;
	207	206	7200	2429	0.50165221	0.15	4	4842	0	1	;
	208	207	7200	1373	0.283560512	0.15	4	4842	0	1	;
	209	208	7200	317	0.065468815	0.15	4	4842	0	1	;
	209	392	1800	1320	0.5	0.15	4	2640	0	1	;
	210	209	7200	1690	0.349029327	0.15	4	4842	0	1	;
	210	250	7200	1320	0.333333333	0.15	4	3960	0	1	;
	211	210	7200	3749	0.774266832	0.15	4	4842	0	1	;
	212	211	7200	1320	0.272614622	0.15	4	4842	0	1	;
	212	408	1800	1320	0.5	0.15	4	2640	0	1	;
	213	212	7200	5280	1.090458488	0.15	4	4842	0	1	;
	214	7	9000	5280	1.090458488	0.15	4	4842	0	1	;
	215	214	9000	5280	1.090458488	0.15	4	4842	0	1	;
	216	215	9000	1901	0.392606361	0.15	4	4842	0	1	;
	217	169	7200	1320	0.333333333	0.15	4	3960	0	1	;
	217	216	9000	2851	0.588806278	0.15	4	4842	0	1	;
	218	217	9000	1373	0.283560512	0.15	4	4842	0	1	;
	218	392	1800	1320	0.5	0.15	4	2640	0	1	;
	219	218	9000	3749	0.774266832	0.15	4	4842	0	1	;
	220	219	9000	2429	0.50165221	0.15	4	4842	0	1	;
	220	363	1800	1320	0.5	0.15	4	2640	0	1	;
	221	220	9000	5650	1.166873193	0.15	4	4842	0	1	;
	222	221	9000	1531	0.316191656	0.15	4	4842	0	1	;
	223	222	9000	2059	0.425237505	0.15	4	4842	0	1	;
	223	346	1800	1320	0.5	0.15	4	2640	0	1	;
	224	223	9000	4699	0.970466749	0.15	4	4842	0	1	;
	225	224	9000	3010	0.621643949	0.15	4	4842	0	1	;
	225	330	1800	1320	0.5	0.15	4	2640	0	1	;
	226	225	9000	4541	0.937835605	0.15	4	4842	0	1	;
	227	226	9000	1901	0.392606361	0.15	4	4842	0	1	;
	227	311	1800	1320	0.5	0.15	4	2640	0	1	;
	228	227	9000	5280	1.090458488	0.15	4	4842	0	1	;
	229	228	9000	2270	0.468814539	0.15	4	4842	0	1	;
	229	277	1800	1320	0.5	0.15	4	2640	0	1	;
	230	229	9000	581	0.119991739	0.15	4	4842	0	1	;
	231	56	9000	1320	0.333333333	0.15	4	3960	0	1	;
	231	230	9000	1426	0.294506402	0.15	4	4842	0	1	;
	232	58	9000	1320	0.333333333	0.15	4	3960	0	1	;
	232	231	9000	1531	0.316191656	0.15	4	4842	0	1	;
	233	232	9000	5280	1.090458488	0.15	4	4842	0	1	;
	234	4	9000	5280	1.090458488	0.15	4	4842	0	1	;
	235	234	9000	5280	1.090458488	0.15	4	4842	0	1	;
	236	235	9000	581	0.119991739	0.15	4	4842	0	1	;
	237	236	9000	1214	0.250722842	0.15	4	4842	0	1	;
	238	55	9000	1320	0.333333333	0.15	4	3960	0	1	;
	238	61	9000	1320	0.333333333	0.15	4	3960	0	1	;
	238	237	9000	1109	0.229037588	0.15	4	4842	0	1	;
	239	238	9000	1109	0.229037588	0.15	4	4842	0	1	;
	240	239	9000	2270	0.468814539	0.15	4	4842	0	1	;
	240	299	1800	1320	0.5	0.15	4	2640	0	1	;
	241	240	9000	4541	0.937835605	0.15	4	4842	0	1	;
	242	241	9000	3010	0.621643949	0.15	4	4842	0	1	;
	242	317	1800	1320	0.5	0.15	4	2640	0	1	;
	243	242	9000	4541	0.937835605	0.15	4	4842	0	1	;
	244	243	9000	1901	0.392606361	0.15	4	4842	0	1	;
	244	339	1800	1320	0.5	0.15	4	2640	0	1	;
	245	244	9000	5069	1.046881454	0.15	4	4842	0	1	;
	246	245	9000	3010	0.621643949	0.15	4	4842	0	1	;
	246	347	1800	1320	0.5	0.15	4	2640	0	1	;
	247	246	9000	5650	1.166873193	0.15	4	4842	0	1	;
	248	247	9000	1901	0.392606361	0.15	4	4842	0	1	;
	248	374	1800	1320	0.5	0.15	4	2640	0	1	;
	249	248	9000	4330	0.894258571	0.15	4	4842	0	1	;
	250	249	9000	1742	0.359768691	0.15	4	4842	0	1	;
	251	250	9000	264	0.054522924	0.15	4	4842	0	1	;
	251	391	1800	1320	0.5	0.15	4	2640	0	1	;
	252	208	7200	1320	0.333333333	0.15	4	3960	0	1	;
	252	251	9000	2534	0.523337464	0.15	4	4842	0	1	;
	253	252	9000	5280	1.090458488	0.15	4	4842	0	1	;
	254	15	5400	2640	1	0.15	4	2640	0	1	;
	254	255	5400	5280	2	0.15	4	2640	0	1	;
	255	70	1800	1320	0.5	0.15	4	2640	0	1	;
	255	254	5400	5280	2	0.15	4	2640	0	1	;
	255	256	5400	1320	0.5	0.15	4	2640	0	1	;
	256	78	1800	1320	0.5	0.15	4	2640	0	1	;
	256	255	5400	1320	0.5	0.15	4	2640	0	1	;
	256	266	5400	5069	1.920075758	0.15	4	2640	0	1	;
	257	14	5400	2640	1	0.15	4	2640	0	1	;
	257	258	5400	5280	2	0.15	4	2640	0	1	;
	258	68	1800	1320	0.5	0.15	4	2640	0	1	;
	258	257	5400	5280	2	0.15	4	2640	0	1	;
	258	259	5400	1320	0.5	0.15	4	2640	0	1	;
	259	80	1800	1320	0.5	0.15	4	2640	0	1	;
	259	258	5400	1320	0.5	0.15	4	2640	0	1	;
	259	267	5400	5069	1.920075758	0.15	4	2640	0	1	;
	260	66	1800	1320	0.5	0.15	4	2640	0	1	;
	260	261	5400	1320	0.5	0.15	4	2640	0	1	;
	261	82	1800	1320	0.5	0.15	4	2640	0	1	;
	261	260	5400	1320	0.5	0.15	4	2640	0	1	;
	261	269	5400	4910	1.859848485	0.15	4	2640	0	1	;
	262	13	5400	2640	1	0.15	4	2640	0	1	;
	262	273	5400	5280	2	0.15	4	2640	0	1	;
	263	16	5400	2640	1	0.15	4	2640	0	1	;
	263	264	5400	5280	2	0.15	4	2640	0	1	;
	264	143	1800	1320	0.5	0.15	4	2640	0	1	;
	264	263	5400	5280	2	0.15	4	2640	0	1	;
	264	265	5400	1320	0.5	0.15	4	2640	0	1	;
	265	139	1800	1320	0.5	0.15	4	2640	0	1	;
	265	264	5400	1320	0.5	0.15	4	2640	0	1	;
	265	266	5400	2640	1	0.15	4	2640	0	1	;
	266	24	12600	1320	0.149068323	0.15	4	8855	0	1	;
	266	39	5400	3854	1.459848485	0.15	4	2640	0	1	;
	266	256	5400	5069	1.920075758	0.15	4	2640	0	1	;
	266	265	5400	2640	1	0.15	4	2640	0	1	;
	266	277	5400	9451	3.579924242	0.15	4	2640	0	1	;
	267	24	12600	1320	0.149068323	0.15	4	8855	0	1	;
	267	39	5400	3854	1.459848485	0.15	4	2640	0	1	;
	267	259	5400	5069	1.920075758	0.15	4	2640	0	1	;
	267	268	5400	2640	1	0.15	4	2640	0	1	;
	267	281	5400	4330	1.640151515	0.15	4	2640	0	1	;
	268	25	12600	1320	0.149068323	0.15	4	8855	0	1	;
	268	40	5400	3485	1.320075758	0.15	4	2640	0	1	;
	268	267	5400	2640	1	0.15	4	2640	0	1	;
	268	287	5400	4541	1.720075758	0.15	4	2640	0	1	;
	269	25	12600	1320	0.149068323	0.15	4	8855	0	1	;
	269	40	5400	3485	1.320075758	0.15	4	2640	0	1	;
	269	261	5400	4910	1.859848485	0.15	4	2640	0	1	;
	269	270	5400	2640	1	0.15	4	2640	0	1	;
	269	290	5400	6600	2.5	0.15	4	2640	0	1	;
	270	269	5400	2640	1	0.15	4	2640	0	1	;
	270	271	5400	1531	0.579924242	0.15	4	2640	0	1	;
	271	192	1800	1320	0.5	0.15	4	2640	0	1	;
	271	270	5400	1531	0.579924242	0.15	4	2640	0	1	;
	271	272	5400	1320	0.5	0.15	4	2640	0	1	;
	272	186	1800	1320	0.5	0.15	4	2640	0	1	;
	272	271	5400	1320	0.5	0.15	4	2640	0	1	;
	272	273	5400	6019	2.279924242	0.15	4	2640	0	1	;
	273	26	12600	1320	0.149068323	0.15	4	8855	0	1	;
	273	41	5400	2640	1	0.15	4	2640	0	1	;
	273	262	5400	5280	2	0.15	4	2640	0	1	;
	273	272	5400	739	0.279924242	0.15	4	2640	0	1	;
	273	292	5400	5280	2	0.15	4	2640	0	1	;
	274	26	12600	1320	0.149068323	0.15	4	8855	0	1	;
	274	41	5400	2640	1	0.15	4	2640	0	1	;
	274	275	5400	5280	2	0.15	4	2640	0	1	;
	274	293	5400	3749	1.420075758	0.15	4	2640	0	1	;
	275	12	5400	2640	1	0.15	4	2640	0	1	;
	275	274	5400	5280	2	0.15	4	2640	0	1	;
	276	17	5400	2640	1	0.15	4	2640	0	1	;
	276	296	5400	5280	2	0.15	4	2640	0	1	;
	277	228	1800	1320	0.5	0.15	4	2640	0	1	;
	277	266	5400	9451	3.579924242	0.15	4	2640	0	1	;
	277	299	5400	1901	0.720075758	0.15	4	2640	0	1	;
	278	100	1800	1320	0.5	0.15	4	2640	0	1	;
	278	279	5400	1320	0.5	0.15	4	2640	0	1	;
	279	104	1800	1320	0.5	0.15	4	2640	0	1	;
	279	278	5400	1320	0.5	0.15	4	2640	0	1	;
	279	280	5400	1109	0.420075758	0.15	4	2640	0	1	;
	280	279	5400	1109	0.420075758	0.15	4	2640	0	1	;
	280	300	5400	1109	0.420075758	0.15	4	2640	0	1	;
	281	267	5400	4330	1.640151515	0.15	4	2640	0	1	;
	281	282	5400	1531	0.579924242	0.15	4	2640	0	1	;
	282	281	5400	1531	0.579924242	0.15	4	2640	0	1	;
	282	283	5400	950	0.359848485	0.15	4	2640	0	1	;
	283	98	1800	1320	0.5	0.15	4	2640	0	1	;
	283	282	5400	950	0.359848485	0.15	4	2640	0	1	;
	283	284	5400	1320	0.5	0.15	4	2640	0	1	;
	284	106	1800	1320	0.5	0.15	4	2640	0	1	;
	284	283	5400	1320	0.5	0.15	4	2640	0	1	;
	284	285	5400	739	0.279924242	0.15	4	2640	0	1	;
	285	284	5400	739	0.279924242	0.15	4	2640	0	1	;
	285	286	5400	1531	0.579924242	0.15	4	2640	0	1	;
	286	285	5400	1531	0.579924242	0.15	4	2640	0	1	;
	286	302	5400	1109	0.420075758	0.15	4	2640	0	1	;
	287	268	5400	4541	1.720075758	0.15	4	2640	0	1	;
	287	288	5400	1901	0.720075758	0.15	4	2640	0	1	;
	288	96	1800	1320	0.5	0.15	4	2640	0	1	;
	288	287	5400	1901	0.720075758	0.15	4	2640	0	1	;
	288	289	5400	1320	0.5	0.15	4	2640	0	1	;
	289	108	1800	1320	0.5	0.15	4	2640	0	1	;
	289	288	5400	1320	0.5	0.15	4	2640	0	1	;
	289	303	5400	3221	1.220075758	0.15	4	2640	0	1	;
	290	94	1800	1320	0.5	0.15	4	2640	0	1	;
	290	269	5400	6600	2.5	0.15	4	2640	0	1	;
	290	291	5400	1320	0.5	0.15	4	2640	0	1	;
	291	110	1800	1320	0.5	0.15	4	2640	0	1	;
	291	290	5400	1320	0.5	0.15	4	2640	0	1	;
	291	304	5400	3379	1.279924242	0.15	4	2640	0	1	;
	292	273	5400	5280	2	0.15	4	2640	0	1	;
	292	305	5400	4910	1.859848485	0.15	4	2640	0	1	;
	293	89	1800	1320	0.5	0.15	4	2640	0	1	;
	293	274	5400	3749	1.420075758	0.15	4	2640	0	1	;
	293	294	5400	1320	0.5	0.15	4	2640	0	1	;
	294	115	1800	1320	0.5	0.15	4	2640	0	1	;
	294	293	5400	1320	0.5	0.15	4	2640	0	1	;
	294	295	5400	739	0.279924242	0.15	4	2640	0	1	;
	295	294	5400	739	0.279924242	0.15	4	2640	0	1	;
	295	308	5400	1901	0.720075758	0.15	4	2640	0	1	;
	296	276	5400	5280	2	0.15	4	2640	0	1	;
	296	297	5400	1109	0.420075758	0.15	4	2640	0	1	;
	296	310	5400	4171	1.579924242	0.15	4	2640	0	1	;
	297	148	1800	1320	0.5	0.15	4	2640	0	1	;
	297	296	5400	1109	0.420075758	0.15	4	2640	0	1	;
	297	298	5400	1320	0.5	0.15	4	2640	0	1	;
	298	134	1800	1320	0.5	0.15	4	2640	0	1	;
	298	297	5400	1320	0.5	0.15	4	2640	0	1	;
	298	299	5400	3010	1.140151515	0.15	4	2640	0	1	;
	299	239	1800	1320	0.5	0.15	4	2640	0	1	;
	299	277	5400	1901	0.720075758	0.15	4	2640	0	1	;
	299	298	5400	3010	1.140151515	0.15	4	2640	0	1	;
	299	300	5400	2640	1	0.15	4	2640	0	1	;
	299	315	5400	5069	1.920075758	0.15	4	2640	0	1	;
	300	280	5400	1109	0.420075758	0.15	4	2640	0	1	;
	300	299	5400	2640	1	0.15	4	2640	0	1	;
	300	301	5400	1320	0.5	0.15	4	2640	0	1	;
	300	316	5400	5069	1.920075758	0.15	4	2640	0	1	;
	301	300	5400	1320	0.5	0.15	4	2640	0	1	;
	301	302	5400	1320	0.5	0.15	4	2640	0	1	;
	302	27	12600	1320	0.149068323	0.15	4	8855	0	1	;
	302	42	5400	2640	1	0.15	4	2640	0	1	;
	302	286	5400	1109	0.420075758	0.15	4	2640	0	1	;
	302	301	5400	1320	0.5	0.15	4	2640	0	1	;
	302	311	5400	3010	1.140151515	0.15	4	2640	0	1	;
	303	27	12600	1320	0.149068323	0.15	4	8855	0	1	;
	303	28	12600	1320	0.149068323	0.15	4	8855	0	1	;
	303	42	5400	2640	1	0.15	4	2640	0	1	;
	303	43	5400	4066	1.540151515	0.15	4	2640	0	1	;
	303	289	5400	3221	1.220075758	0.15	4	2640	0	1	;
	303	319	5400	5650	2.140151515	0.15	4	2640	0	1	;
	304	28	12600	1320	0.149068323	0.15	4	8855	0	1	;
	304	43	5400	4066	1.540151515	0.15	4	2640	0	1	;
	304	291	5400	3379	1.279924242	0.15	4	2640	0	1	;
	304	305	5400	2429	0.920075758	0.15	4	2640	0	1	;
	304	312	5400	739	0.279924242	0.15	4	2640	0	1	;
	305	292	5400	4910	1.859848485	0.15	4	2640	0	1	;
	305	304	5400	2429	0.920075758	0.15	4	2640	0	1	;
	305	306	5400	1901	0.720075758	0.15	4	2640	0	1	;
	305	321	5400	8659	3.279924242	0.15	4	2640	0	1	;
	306	198	1800	1320	0.5	0.15	4	2640	0	1	;
	306	305	5400	1901	0.720075758	0.15	4	2640	0	1	;
	306	307	5400	1320	0.5	0.15	4	2640	0	1	;
	307	180	1800	1320	0.5	0.15	4	2640	0	1	;
	307	306	5400	1320	0.5	0.15	4	2640	0	1	;
	307	308	5400	1320	0.5	0.15	4	2640	0	1	;
	308	29	12600	1320	0.149068323	0.15	4	8855	0	1	;
	308	44	5400	2640	1	0.15	4	2640	0	1	;
	308	295	5400	1901	0.720075758	0.15	4	2640	0	1	;
	308	307	5400	1320	0.5	0.15	4	2640	0	1	;
	308	309	5400	5280	2	0.15	4	2640	0	1	;
	309	11	5400	2640	1	0.15	4	2640	0	1	;
	309	308	5400	5280	2	0.15	4	2640	0	1	;
	310	151	1800	1320	0.5	0.15	4	2640	0	1	;
	310	296	5400	4171	1.579924242	0.15	4	2640	0	1	;
	310	313	5400	739	0.279924242	0.15	4	2640	0	1	;
	311	226	1800	1320	0.5	0.15	4	2640	0	1	;
	311	302	5400	3010	1.140151515	0.15	4	2640	0	1	;
	311	317	5400	1901	0.720075758	0.15	4	2640	0	1	;
	312	304	5400	739	0.279924242	0.15	4	2640	0	1	;
	312	320	5400	7181	2.720075758	0.15	4	2640	0	1	;
	313	310	5400	739	0.279924242	0.15	4	2640	0	1	;
	313	314	5400	2059	0.779924242	0.15	4	2640	0	1	;
	313	325	5400	4541	1.720075758	0.15	4	2640	0	1	;
	314	131	1800	1320	0.5	0.15	4	2640	0	1	;
	314	313	5400	739	0.279924242	0.15	4	2640	0	1	;
	314	315	5400	4330	1.640151515	0.15	4	2640	0	1	;
	315	299	5400	5069	1.920075758	0.15	4	2640	0	1	;
	315	314	5400	4541	1.720075758	0.15	4	2640	0	1	;
	315	316	5400	6811	2.579924242	0.15	4	2640	0	1	;
	315	327	5400	2851	1.079924242	0.15	4	2640	0	1	;
	316	300	5400	5069	1.920075758	0.15	4	2640	0	1	;
	316	315	5400	2640	1	0.15	4	2640	0	1	;
	316	317	5400	2270	0.859848485	0.15	4	2640	0	1	;
	316	328	5400	2851	1.079924242	0.15	4	2640	0	1	;
	317	241	1800	1320	0.5	0.15	4	2640	0	1	;
	317	311	5400	1901	0.720075758	0.15	4	2640	0	1	;
	317	316	5400	2640	1	0.15	4	2640	0	1	;
	317	318	5400	3010	1.140151515	0.15	4	2640	0	1	;
	317	329	5400	2851	1.079924242	0.15	4	2640	0	1	;
	318	317	5400	3010	1.140151515	0.15	4	2640	0	1	;
	318	319	5400	2640	1	0.15	4	2640	0	1	;
	319	303	5400	5650	2.140151515	0.15	4	2640	0	1	;
	319	318	5400	2270	0.859848485	0.15	4	2640	0	1	;
	319	320	5400	2640	1	0.15	4	2640	0	1	;
	319	330	5400	2270	0.859848485	0.15	4	2640	0	1	;
	320	312	5400	7181	2.720075758	0.15	4	2640	0	1	;
	320	319	5400	6811	2.579924242	0.15	4	2640	0	1	;
	320	321	5400	4541	1.720075758	0.15	4	2640	0	1	;
	320	332	5400	1901	0.720075758	0.15	4	2640	0	1	;
	321	305	5400	8659	3.279924242	0.15	4	2640	0	1	;
	321	320	5400	4330	1.640151515	0.15	4	2640	0	1	;
	321	333	5400	1901	0.720075758	0.15	4	2640	0	1	;
	321	334	5400	739	0.279924242	0.15	4	2640	0	1	;
	322	18	5400	2640	1	0.15	4	2640	0	1	;
	322	323	5400	5280	2	0.15	4	2640	0	1	;
	323	153	1800	1320	0.5	0.15	4	2640	0	1	;
	323	322	5400	5280	2	0.15	4	2640	0	1	;
	323	324	5400	1320	0.5	0.15	4	2640	0	1	;
	324	129	1800	1320	0.5	0.15	4	2640	0	1	;
	324	323	5400	1320	0.5	0.15	4	2640	0	1	;
	324	325	5400	1531	0.579924242	0.15	4	2640	0	1	;
	325	313	5400	4541	1.720075758	0.15	4	2640	0	1	;
	325	324	5400	1531	0.579924242	0.15	4	2640	0	1	;
	325	326	5400	2270	0.859848485	0.15	4	2640	0	1	;
	325	340	5400	950	0.359848485	0.15	4	2640	0	1	;
	326	325	5400	2270	0.859848485	0.15	4	2640	0	1	;
	326	327	5400	4171	1.579924242	0.15	4	2640	0	1	;
	327	315	5400	2851	1.079924242	0.15	4	2640	0	1	;
	327	326	5400	4171	1.579924242	0.15	4	2640	0	1	;
	327	328	5400	2640	1	0.15	4	2640	0	1	;
	327	341	5400	2640	1	0.15	4	2640	0	1	;
	328	316	5400	2851	1.079924242	0.15	4	2640	0	1	;
	328	327	5400	2640	1	0.15	4	2640	0	1	;
	328	329	5400	2640	1	0.15	4	2640	0	1	;
	328	342	5400	2640	1	0.15	4	2640	0	1	;
	329	31	12600	1320	0.149068323	0.15	4	8855	0	1	;
	329	46	5400	2640	1	0.15	4	2640	0	1	;
	329	317	5400	2851	1.079924242	0.15	4	2640	0	1	;
	329	328	5400	2640	1	0.15	4	2640	0	1	;
	329	343	5400	2640	1	0.15	4	2640	0	1	;
	330	31	12600	1320	0.149068323	0.15	4	8855	0	1	;
	330	46	5400	2640	1	0.15	4	2640	0	1	;
	330	224	1800	1320	0.5	0.15	4	2640	0	1	;
	330	319	5400	2270	0.859848485	0.15	4	2640	0	1	;
	330	331	5400	1109	0.420075758	0.15	4	2640	0	1	;
	330	339	5400	1690	0.640151515	0.15	4	2640	0	1	;
	331	330	5400	1109	0.420075758	0.15	4	2640	0	1	;
	331	332	5400	5069	1.920075758	0.15	4	2640	0	1	;
	332	32	12600	1320	0.149068323	0.15	4	8855	0	1	;
	332	47	5400	2429	0.920075758	0.15	4	2640	0	1	;
	332	320	5400	1901	0.720075758	0.15	4	2640	0	1	;
	332	331	5400	5069	1.920075758	0.15	4	2640	0	1	;
	332	345	5400	1901	0.720075758	0.15	4	2640	0	1	;
	333	32	12600	1320	0.149068323	0.15	4	8855	0	1	;
	333	47	5400	2482	0.940151515	0.15	4	2640	0	1	;
	333	321	5400	1901	0.720075758	0.15	4	2640	0	1	;
	333	334	5400	1109	0.420075758	0.15	4	2640	0	1	;
	333	358	5400	5491	2.079924242	0.15	4	2640	0	1	;
	334	321	5400	2059	0.779924242	0.15	4	2640	0	1	;
	334	333	5400	1109	0.420075758	0.15	4	2640	0	1	;
	334	335	5400	739	0.279924242	0.15	4	2640	0	1	;
	335	200	1800	1320	0.5	0.15	4	2640	0	1	;
	335	334	5400	739	0.279924242	0.15	4	2640	0	1	;
	335	336	5400	1320	0.5	0.15	4	2640	0	1	;
	336	178	1800	1320	0.5	0.15	4	2640	0	1	;
	336	335	5400	1320	0.5	0.15	4	2640	0	1	;
	336	337	5400	1320	0.5	0.15	4	2640	0	1	;
	337	29	12600	1320	0.149068323	0.15	4	8855	0	1	;
	337	33	12600	1320	0.149068323	0.15	4	8855	0	1	;
	337	44	5400	7920	3	0.15	4	2640	0	1	;
	337	48	5400	2640	1	0.15	4	2640	0	1	;
	337	336	5400	1320	0.5	0.15	4	2640	0	1	;
	337	338	5400	5280	2	0.15	4	2640	0	1	;
	338	10	5400	2640	1	0.15	4	2640	0	1	;
	338	337	5400	5280	2	0.15	4	2640	0	1	;
	339	243	1800	1320	0.5	0.15	4	2640	0	1	;
	339	330	5400	1690	0.640151515	0.15	4	2640	0	1	;
	339	344	5400	1109	0.420075758	0.15	4	2640	0	1	;
	340	30	12600	1320	0.149068323	0.15	4	8855	0	1	;
	340	45	5400	2640	1	0.15	4	2640	0	1	;
	340	325	5400	950	0.359848485	0.15	4	2640	0	1	;
	340	351	5400	4541	1.720075758	0.15	4	2640	0	1	;
	341	30	12600	1320	0.149068323	0.15	4	8855	0	1	;
	341	45	5400	2640	1	0.15	4	2640	0	1	;
	341	327	5400	2640	1	0.15	4	2640	0	1	;
	341	342	5400	2640	1	0.15	4	2640	0	1	;
	341	353	5400	5280	2	0.15	4	2640	0	1	;
	342	328	5400	2640	1	0.15	4	2640	0	1	;
	342	341	5400	2640	1	0.15	4	2640	0	1	;
	342	343	5400	2640	1	0.15	4	2640	0	1	;
	342	354	5400	5280	2	0.15	4	2640	0	1	;
	343	329	5400	2640	1	0.15	4	2640	0	1	;
	343	342	5400	2640	1	0.15	4	2640	0	1	;
	343	344	5400	5280	2	0.15	4	2640	0	1	;
	343	355	5400	5280	2	0.15	4	2640	0	1	;
	344	339	5400	1109	0.420075758	0.15	4	2640	0	1	;
	344	343	5400	5280	2	0.15	4	2640	0	1	;
	344	356	5400	5280	2	0.15	4	2640	0	1	;
	345	332	5400	1901	0.720075758	0.15	4	2640	0	1	;
	345	346	5400	1690	0.640151515	0.15	4	2640	0	1	;
	346	222	1800	1320	0.5	0.15	4	2640	0	1	;
	346	345	5400	1690	0.640151515	0.15	4	2640	0	1	;
	346	347	5400	2851	1.079924242	0.15	4	2640	0	1	;
	347	245	1800	1320	0.5	0.15	4	2640	0	1	;
	347	346	5400	2851	1.079924242	0.15	4	2640	0	1	;
	347	357	5400	739	0.279924242	0.15	4	2640	0	1	;
	348	18	5400	2640	1	0.15	4	2640	0	1	;
	348	349	5400	5280	2	0.15	4	2640	0	1	;
	349	156	1800	1320	0.5	0.15	4	2640	0	1	;
	349	348	5400	5280	2	0.15	4	2640	0	1	;
	349	350	5400	1320	0.5	0.15	4	2640	0	1	;
	350	126	1800	1320	0.5	0.15	4	2640	0	1	;
	350	349	5400	1320	0.5	0.15	4	2640	0	1	;
	350	351	5400	2270	0.859848485	0.15	4	2640	0	1	;
	351	340	5400	4541	1.720075758	0.15	4	2640	0	1	;
	351	350	5400	2270	0.859848485	0.15	4	2640	0	1	;
	351	352	5400	1901	0.720075758	0.15	4	2640	0	1	;
	351	367	5400	5280	2	0.15	4	2640	0	1	;
	352	351	5400	1901	0.720075758	0.15	4	2640	0	1	;
	352	353	5400	3749	1.420075758	0.15	4	2640	0	1	;
	353	341	5400	5280	2	0.15	4	2640	0	1	;
	353	352	5400	3749	1.420075758	0.15	4	2640	0	1	;
	353	354	5400	2640	1	0.15	4	2640	0	1	;
	353	369	5400	5280	2	0.15	4	2640	0	1	;
	354	342	5400	5280	2	0.15	4	2640	0	1	;
	354	353	5400	2640	1	0.15	4	2640	0	1	;
	354	355	5400	2640	1	0.15	4	2640	0	1	;
	354	370	5400	5280	2	0.15	4	2640	0	1	;
	355	343	5400	5280	2	0.15	4	2640	0	1	;
	355	354	5400	2640	1	0.15	4	2640	0	1	;
	355	356	5400	5280	2	0.15	4	2640	0	1	;
	355	371	5400	5280	2	0.15	4	2640	0	1	;
	356	344	5400	5280	2	0.15	4	2640	0	1	;
	356	355	5400	5280	2	0.15	4	2640	0	1	;
	356	357	5400	5280	2	0.15	4	2640	0	1	;
	356	372	5400	5280	2	0.15	4	2640	0	1	;
	357	347	5400	739	0.279924242	0.15	4	2640	0	1	;
	357	356	5400	5280	2	0.15	4	2640	0	1	;
	357	358	5400	5280	2	0.15	4	2640	0	1	;
	357	373	5400	5280	2	0.15	4	2640	0	1	;
	358	333	5400	5491	2.079924242	0.15	4	2640	0	1	;
	358	357	5400	5280	2	0.15	4	2640	0	1	;
	358	359	5400	1901	0.720075758	0.15	4	2640	0	1	;
	358	363	5400	4541	1.720075758	0.15	4	2640	0	1	;
	359	202	1800	1320	0.5	0.15	4	2640	0	1	;
	359	358	5400	1901	0.720075758	0.15	4	2640	0	1	;
	359	360	5400	1320	0.5	0.15	4	2640	0	1	;
	360	176	1800	1320	0.5	0.15	4	2640	0	1	;
	360	359	5400	1320	0.5	0.15	4	2640	0	1	;
	360	361	5400	1320	0.5	0.15	4	2640	0	1	;
	361	33	12600	1320	0.149068323	0.15	4	8855	0	1	;
	361	48	5400	2640	1	0.15	4	2640	0	1	;
	361	360	5400	1320	0.5	0.15	4	2640	0	1	;
	361	362	5400	5280	2	0.15	4	2640	0	1	;
	361	378	5400	5280	2	0.15	4	2640	0	1	;
	362	10	5400	2640	1	0.15	4	2640	0	1	;
	362	361	5400	5280	2	0.15	4	2640	0	1	;
	363	358	5400	4541	1.720075758	0.15	4	2640	0	1	;
	363	375	5400	739	0.279924242	0.15	4	2640	0	1	;
	364	19	5400	2640	1	0.15	4	2640	0	1	;
	364	365	5400	5280	2	0.15	4	2640	0	1	;
	365	158	1800	1320	0.5	0.15	4	2640	0	1	;
	365	364	5400	5280	2	0.15	4	2640	0	1	;
	365	366	5400	1320	0.5	0.15	4	2640	0	1	;
	366	124	1800	1320	0.5	0.15	4	2640	0	1	;
	366	365	5400	1320	0.5	0.15	4	2640	0	1	;
	366	367	5400	2270	0.859848485	0.15	4	2640	0	1	;
	367	351	5400	5280	2	0.15	4	2640	0	1	;
	367	366	5400	2270	0.859848485	0.15	4	2640	0	1	;
	367	368	5400	1901	0.720075758	0.15	4	2640	0	1	;
	367	384	5400	6019	2.279924242	0.15	4	2640	0	1	;
	368	367	5400	1901	0.720075758	0.15	4	2640	0	1	;
	368	369	5400	3749	1.420075758	0.15	4	2640	0	1	;
	369	34	12600	1320	0.149068323	0.15	4	8855	0	1	;
	369	49	5400	2640	1	0.15	4	2640	0	1	;
	369	353	5400	5280	2	0.15	4	2640	0	1	;
	369	368	5400	3749	1.420075758	0.15	4	2640	0	1	;
	369	370	5400	2640	1	0.15	4	2640	0	1	;
	370	354	5400	5280	2	0.15	4	2640	0	1	;
	370	369	5400	2640	1	0.15	4	2640	0	1	;
	370	371	5400	2640	1	0.15	4	2640	0	1	;
	370	386	5400	5280	2	0.15	4	2640	0	1	;
	371	355	5400	5280	2	0.15	4	2640	0	1	;
	371	370	5400	2640	1	0.15	4	2640	0	1	;
	371	372	5400	5280	2	0.15	4	2640	0	1	;
	371	387	5400	5280	2	0.15	4	2640	0	1	;
	372	356	5400	5280	2	0.15	4	2640	0	1	;
	372	371	5400	5280	2	0.15	4	2640	0	1	;
	372	373	5400	5280	2	0.15	4	2640	0	1	;
	372	388	5400	5280	2	0.15	4	2640	0	1	;
	373	35	12600	1320	0.149068323	0.15	4	8855	0	1	;
	373	50	5400	2640	1	0.15	4	2640	0	1	;
	373	357	5400	5280	2	0.15	4	2640	0	1	;
	373	372	5400	5280	2	0.15	4	2640	0	1	;
	373	374	5400	3749	1.420075758	0.15	4	2640	0	1	;
	374	247	1800	1320	0.5	0.15	4	2640	0	1	;
	374	373	5400	3749	1.420075758	0.15	4	2640	0	1	;
	374	375	5400	1531	0.579924242	0.15	4	2640	0	1	;
	375	219	1800	1320	0.5	0.15	4	2640	0	1	;
	375	363	5400	739	0.279924242	0.15	4	2640	0	1	;
	375	374	5400	1531	0.579924242	0.15	4	2640	0	1	;
	375	376	5400	1901	0.720075758	0.15	4	2640	0	1	;
	375	390	5400	5280	2	0.15	4	2640	0	1	;
	376	204	1800	1320	0.5	0.15	4	2640	0	1	;
	376	375	5400	1901	0.720075758	0.15	4	2640	0	1	;
	376	377	5400	1320	0.5	0.15	4	2640	0	1	;
	377	174	1800	1320	0.5	0.15	4	2640	0	1	;
	377	376	5400	1320	0.5	0.15	4	2640	0	1	;
	377	378	5400	1320	0.5	0.15	4	2640	0	1	;
	378	36	12600	1320	0.149068323	0.15	4	8855	0	1	;
	378	51	5400	2640	1	0.15	4	2640	0	1	;
	378	361	5400	5280	2	0.15	4	2640	0	1	;
	378	377	5400	1320	0.5	0.15	4	2640	0	1	;
	378	379	5400	5280	2	0.15	4	2640	0	1	;
	379	9	5400	2640	1	0.15	4	2640	0	1	;
	379	378	5400	5280	2	0.15	4	2640	0	1	;
	380	19	5400	2640	1	0.15	4	2640	0	1	;
	380	381	5400	5280	2	0.15	4	2640	0	1	;
	381	160	1800	1320	0.5	0.15	4	2640	0	1	;
	381	380	5400	5280	2	0.15	4	2640	0	1	;
	381	382	5400	1320	0.5	0.15	4	2640	0	1	;
	382	122	1800	1320	0.5	0.15	4	2640	0	1	;
	382	381	5400	1320	0.5	0.15	4	2640	0	1	;
	382	383	5400	1531	0.579924242	0.15	4	2640	0	1	;
	383	382	5400	1531	0.579924242	0.15	4	2640	0	1	;
	383	384	5400	1109	0.420075758	0.15	4	2640	0	1	;
	384	367	5400	6019	2.279924242	0.15	4	2640	0	1	;
	384	383	5400	1109	0.420075758	0.15	4	2640	0	1	;
	384	385	5400	5280	2	0.15	4	2640	0	1	;
	384	401	5400	5280	2	0.15	4	2640	0	1	;
	385	34	12600	1320	0.149068323	0.15	4	8855	0	1	;
	385	49	5400	2640	1	0.15	4	2640	0	1	;
	385	384	5400	5280	2	0.15	4	2640	0	1	;
	385	386	5400	2640	1	0.15	4	2640	0	1	;
	385	402	5400	5280	2	0.15	4	2640	0	1	;
	386	370	5400	5280	2	0.15	4	2640	0	1	;
	386	385	5400	2640	1	0.15	4	2640	0	1	;
	386	387	5400	2640	1	0.15	4	2640	0	1	;
	386	403	5400	5280	2	0.15	4	2640	0	1	;
	387	371	5400	5280	2	0.15	4	2640	0	1	;
	387	386	5400	2640	1	0.15	4	2640	0	1	;
	387	388	5400	5280	2	0.15	4	2640	0	1	;
	387	404	5400	5280	2	0.15	4	2640	0	1	;
	388	372	5400	5280	2	0.15	4	2640	0	1	;
	388	387	5400	5280	2	0.15	4	2640	0	1	;
	388	389	5400	5280	2	0.15	4	2640	0	1	;
	388	405	5400	5280	2	0.15	4	2640	0	1	;
	389	35	12600	1320	0.149068323	0.15	4	8855	0	1	;
	389	50	5400	2640	1	0.15	4	2640	0	1	;
	389	388	5400	5280	2	0.15	4	2640	0	1	;
	389	390	5400	5280	2	0.15	4	2640	0	1	;
	389	406	5400	5280	2	0.15	4	2640	0	1	;
	390	375	5400	5280	2	0.15	4	2640	0	1	;
	390	389	5400	5280	2	0.15	4	2640	0	1	;
	390	391	5400	1901	0.720075758	0.15	4	2640	0	1	;
	390	407	5400	6811	2.579924242	0.15	4	2640	0	1	;
	391	249	1800	1320	0.5	0.15	4	2640	0	1	;
	391	390	5400	1901	0.720075758	0.15	4	2640	0	1	;
	391	392	5400	1109	0.420075758	0.15	4	2640	0	1	;
	392	207	1800	1320	0.5	0.15	4	2640	0	1	;
	392	391	5400	1109	0.420075758	0.15	4	2640	0	1	;
	392	393	5400	1109	0.420075758	0.15	4	2640	0	1	;
	393	170	1800	1320	0.5	0.15	4	2640	0	1	;
	393	392	5400	1109	0.420075758	0.15	4	2640	0	1	;
	393	394	5400	370	0.140151515	0.15	4	2640	0	1	;
	394	36	12600	1320	0.149068323	0.15	4	8855	0	1	;
	394	51	5400	2640	1	0.15	4	2640	0	1	;
	394	393	5400	370	0.140151515	0.15	4	2640	0	1	;
	394	395	5400	5280	2	0.15	4	2640	0	1	;
	394	396	5400	1531	0.579924242	0.15	4	2640	0	1	;
	395	9	5400	2640	1	0.15	4	2640	0	1	;
	395	394	5400	5280	2	0.15	4	2640	0	1	;
	396	215	1800	1320	0.5	0.15	4	2640	0	1	;
	396	394	5400	1531	0.579924242	0.15	4	2640	0	1	;
	396	410	5400	5280	2	0.15	4	2640	0	1	;
	397	20	5400	2640	1	0.15	4	2640	0	1	;
	397	398	5400	5280	2	0.15	4	2640	0	1	;
	398	397	5400	5280	2	0.15	4	2640	0	1	;
	398	399	5400	1531	0.579924242	0.15	4	2640	0	1	;
	399	163	1800	1320	0.5	0.15	4	2640	0	1	;
	399	398	5400	1531	0.579924242	0.15	4	2640	0	1	;
	399	400	5400	1320	0.5	0.15	4	2640	0	1	;
	400	119	1800	1320	0.5	0.15	4	2640	0	1	;
	400	399	5400	1320	0.5	0.15	4	2640	0	1	;
	400	401	5400	370	0.140151515	0.15	4	2640	0	1	;
	401	37	12600	1320	0.149068323	0.15	4	8855	0	1	;
	401	52	5400	2640	1	0.15	4	2640	0	1	;
	401	384	5400	5280	2	0.15	4	2640	0	1	;
	401	400	5400	370	0.140151515	0.15	4	2640	0	1	;
	402	37	12600	1320	0.149068323	0.15	4	8855	0	1	;
	402	52	5400	2640	1	0.15	4	2640	0	1	;
	402	385	5400	5280	2	0.15	4	2640	0	1	;
	402	403	5400	2640	1	0.15	4	2640	0	1	;
	402	412	5400	5280	2	0.15	4	2640	0	1	;
	403	386	5400	5280	2	0.15	4	2640	0	1	;
	403	402	5400	2640	1	0.15	4	2640	0	1	;
	403	404	5400	2640	1	0.15	4	2640	0	1	;
	404	387	5400	5280	2	0.15	4	2640	0	1	;
	404	403	5400	2640	1	0.15	4	2640	0	1	;
	404	405	5400	5280	2	0.15	4	2640	0	1	;
	404	413	5400	5280	2	0.15	4	2640	0	1	;
	405	388	5400	5280	2	0.15	4	2640	0	1	;
	405	404	5400	5280	2	0.15	4	2640	0	1	;
	405	406	5400	5280	2	0.15	4	2640	0	1	;
	405	414	5400	5280	2	0.15	4	2640	0	1	;
	406	38	12600	1320	0.149068323	0.15	4	8855	0	1	;
	406	53	5400	2851	1.079924242	0.15	4	2640	0	1	;
	406	389	5400	5280	2	0.15	4	2640	0	1	;
	406	405	5400	5280	2	0.15	4	2640	0	1	;
	406	415	5400	5280	2	0.15	4	2640	0	1	;
	407	38	12600	1320	0.149068323	0.15	4	8855	0	1	;
	407	53	5400	2798	1.059848485	0.15	4	2640	0	1	;
	407	390	5400	6811	2.579924242	0.15	4	2640	0	1	;
	407	408	5400	2851	1.079924242	0.15	4	2640	0	1	;
	407	416	5400	5280	2	0.15	4	2640	0	1	;
	408	211	1800	1320	0.5	0.15	4	2640	0	1	;
	408	407	5400	2851	1.079924242	0.15	4	2640	0	1	;
	408	409	5400	1320	0.5	0.15	4	2640	0	1	;
	409	167	1800	1320	0.5	0.15	4	2640	0	1	;
	409	408	5400	1320	0.5	0.15	4	2640	0	1	;
	409	410	5400	581	0.220075758	0.15	4	2640	0	1	;
	410	396	5400	5280	2	0.15	4	2640	0	1	;
	410	409	5400	581	0.220075758	0.15	4	2640	0	1	;
	410	411	5400	5280	2	0.15	4	2640	0	1	;
	411	8	5400	2640	1	0.15	4	2640	0	1	;
	411	410	5400	5280	2	0.15	4	2640	0	1	;
	412	21	5400	2640	1	0.15	4	2640	0	1	;
	412	402	5400	5280	2	0.15	4	2640	0	1	;
	413	21	5400	2640	1	0.15	4	2640	0	1	;
	413	404	5400	5280	2	0.15	4	2640	0	1	;
	414	22	5400	2640	1	0.15	4	2640	0	1	;
	414	405	5400	5280	2	0.15	4	2640	0	1	;
	415	22	5400	2640	1	0.15	4	2640	0	1	;
	415	406	5400	5280	2	0.15	4	2640	0	1	;
	416	23	5400	2640	1	0.15	4	2640	0	1	;
	416	407	5400	5280	2	0.15	4	2640	0	1	;
    1 	117 	7074.9000000000015 	1.1529198689124767 
2 	87 	9662.5000000000073 	1.3077728285644104 
3 	74 	7668.9999999999927 	1.1766938339006712 
4 	233 	12173.799999999996 	1.6380226412299237 
5 	165 	2586.7999999999956 	1.0915747901668154 
6 	213 	6576.5999999999913 	1.1370960748889003 
7 	253 	7137.1000000000204 	1.1551455588519783 
8 	411 	722.1000000000422 	1.0000479629182888 
9 	379 	1187.0329436508764 	1.0003502412611545 
9 	395 	1050.4670563491454 	1.0002148057823903 
10 	338 	69.200000000018917 	1.0000000040452055 
10 	362 	80.100000000013097 	1.0000000072618334 
11 	309 	485.80000000003929 	1.0000098253099972 
12 	275 	488.20000000001164 	1.0000100209136558 
13 	262 	37 	1.0000000003306155 
14 	257 	125.20000000004075 	1.0000000433444538 
15 	254 	407.10000000004948 	1.0000048452995249 
16 	263 	249 	1.0000006781310156 
17 	276 	648.30000000002474 	1.0000311616400124 
18 	322 	2185.8000000000175 	1.0040267800310838 
18 	348 	683.00000000000728 	1.0000383883136466 
19 	364 	746.90000000000873 	1.0000548992052627 
19 	380 	291.09999999999127 	1.0000012667328744 
20 	397 	503.60000000003492 	1.0000113464265341 
21 	412 	1396.5000000000073 	1.0006709342770499 
21 	413 	1245.3000000000247 	1.0004242405451269 
22 	414 	619.79999999999563 	1.0000260328974375 
22 	415 	904.6000000000131 	1.0001181251990681 
23 	416 	1522.5000000000073 	1.000947862681671 
24 	266 	203.10000000002037 	0.14906832450950355 
24 	267 	172.80000000001019 	0.14906832379098708 
25 	268 	4694.900000000016 	0.14949934538902687 
25 	269 	3859.3000000000247 	0.14926512458968666 
26 	273 	2660 	0.14911273711276107 
26 	274 	315 	0.14906833173447206 
27 	302 	314.20000000001892 	0.14906833164607838 
27 	303 	233.50000000000728 	0.14906832563719341 
28 	303 	1486.400000000016 	0.1490726534919031 
28 	304 	596.80000000000291 	0.14906843554072333 
29 	308 	718.30000000001019 	0.14906855916629155 
29 	337 	426.50000000000728 	0.14906835235422281 
30 	340 	1804.7000000000116 	0.14907773353940684 
30 	341 	1130.8000000000175 	0.14906977356650042 
31 	329 	1563.5000000000073 	0.14907362434400573 
31 	330 	2075.3000000000029 	0.14908477876166237 
32 	332 	1395.1999999999971 	0.14907168455572237 
32 	333 	662.70000000001164 	0.14906849410485268 
33 	337 	803.09999999999854 	0.14906869203958054 
33 	361 	980.09999999999854 	0.1490691416080312 
34 	369 	3909.6999999999971 	0.14927560814585769 
34 	385 	1412.5000000000146 	0.14907185441103918 
35 	373 	1529.1999999999971 	0.14907317422705557 
35 	389 	435.30000000000291 	0.14906835485290987 
36 	378 	615.60000000002037 	0.14906845040570899 
36 	394 	317.20000000001164 	0.14906833198105093 
37 	401 	222.90000000003056 	0.14906832518995261 
37 	402 	114.69999999999709 	0.1490683231535494 
38 	406 	350.10000000000582 	0.14906833632793567 
38 	407 	1161.6999999999825 	0.14906993873600075 
39 	266 	18.30000000000291 	1.4598484850288822 
39 	267 	24.19999999999709 	1.4598484850883253 
40 	268 	34.099999999998545 	1.320075758314871 
40 	269 	13.30000000000291 	1.3200757580072866 
41 	273 	342.5 	1.0000024274960007 
41 	274 	55.30000000000291 	1.0000000016497448 
42 	302 	387.80567665808485 	1.0000039899997415 
42 	303 	252.20000000001164 	1.0000007136685336 
43 	303 	5.6000000000058208 	1.5401515150002671 
43 	304 	12.099999999998545 	1.540151515005824 
44 	308 	229.20000000001164 	1.0000004868270183 
44 	337 	32.200000000004366 	3.0000000005689329 
45 	340 	0 	1 
45 	341 	0 	1 
46 	329 	320 	1.0000018497631911 
46 	330 	736.30000000000291 	1.0000518484074876 
47 	332 	143.10000000000582 	0.92007582606100258 
47 	333 	0 	0.94015151500000005 
48 	337 	107.20000000000437 	1.0000000232967512 
48 	361 	17.400000000001455 	1.0000000000161702 
49 	369 	81.80000000000291 	1.0000000078982239 
49 	385 	95.5 	1.0000000146733645 
50 	373 	288.60000000000582 	1.0000012237748588 
50 	389 	275 	1.0000010088973821 
51 	378 	20.80000000000291 	1.0000000000330194 
51 	394 	0 	1 
52 	401 	2771.5587485227734 	1.010409085472723 
52 	402 	956.13126642720454 	1.0001474301477873 
53 	406 	1892.6874961027133 	1.0823689396893252 
53 	407 	923.30000000000291 	1.0599843574308685 
54 	56 	1861.3000000000102 	0.33342480021914256 
54 	230 	481.70000000001892 	0.33333374330475629 
55 	59 	2691.3533459623068 	0.33373316987555529 
56 	102 	4415.8000000000102 	0.33623092708691049 
57 	54 	2343.0000000000291 	0.33356299498836356 
57 	235 	1287.7999999999956 	0.33335429311442305 
58 	137 	2256.7312664271958 	0.33353099325443764 
58 	145 	3788.2999999999956 	0.33490289119248484 
59 	146 	3371.2533459623228 	0.33431771922581027 
60 	102 	985.40000000000146 	0.33334051838756251 
60 	230 	2013.2000000000262 	0.33345851666235088 
61 	136 	3020.3022480553773 	0.33396749700765166 
62 	2 	13602.200000000026 	1.9438866766534952 
63 	62 	13602.200000000026 	3.1740234017048219 
64 	63 	6620.4551872567099 	0.60369368693684666 
64 	189 	162.10000000002765 	0.33333334584612306 
65 	64 	6782.5551872567376 	0.39025773239551548 
66 	65 	6782.5551872567376 	0.25609220432705448 
67 	66 	5550.2551872567346 	0.28705445680684949 
67 	260 	0 	0.5 
68 	67 	5550.2551872567346 	1.8486741950138019 
69 	68 	5445.1551872567143 	0.28599139835150678 
69 	258 	735.5 	0.50209074925754504 
70 	69 	6180.6551872567143 	1.5212239747925691 
71 	70 	6023.8551872566968 	0.29265050611252535 
71 	255 	2419.4471844827494 	0.74481376180053671 
72 	71 	8443.3023717394462 	0.34994671942431743 
73 	72 	2232.5 	0.4694645612389603 
73 	141 	5436.4999999999927 	0.34958573618522315 
74 	73 	7668.9999999999927 	1.3009940004528107 
75 	3 	5676.6000000000349 	1.1163455956739801 
76 	75 	5676.6000000000349 	1.1536594344696778 
77 	76 	1761.8000000000102 	0.46906664824255767 
77 	141 	3073.8920752866106 	0.33499442803212964 
78 	77 	4835.6920752866208 	0.28093503669764469 
79 	78 	4565.0920752865859 	0.27922320859419447 
79 	256 	1227.2000000000044 	0.51620438784917733 
80 	79 	5792.2920752865903 	1.495029164787792 
81 	80 	4571.2920752865757 	0.27925918314404952 
81 	259 	56.599999999998545 	0.50000007332244989 
82 	81 	4627.8920752865743 	1.8006304747669271 
83 	82 	4627.8920752865743 	0.279594427313473 
83 	261 	942.09999999999854 	0.50562806699028928 
84 	83 	5569.9920752865728 	0.24134272190080364 
85 	84 	5569.9920752865728 	0.36778106395962246 
86 	85 	4999.2920752865684 	0.56423890870097326 
86 	189 	4663.2079247134388 	0.34213123539610857 
87 	86 	9662.5000000000073 	1.62101107726858 
88 	1 	8328.0000000000146 	1.2103789311293136 
89 	88 	8328.0000000000146 	1.3832330073586763 
90 	89 	7777.3000000000175 	0.32828521225575702 
90 	293 	726.50000000004366 	0.50199027788569628 
91 	90 	8503.8000000000611 	0.29589047778580652 
92 	91 	8503.8000000000611 	0.40848360735324102 
93 	92 	4198.4469515390592 	0.35508242734843348 
93 	183 	1837.2000000000116 	0.3335452987856492 
93 	195 	684.24481274330174 	0.33333741136483036 
94 	93 	6719.8917642823726 	0.77728015714954257 
95 	94 	4821.7448127433308 	0.28083945913710362 
95 	290 	0 	0.5 
96 	95 	4821.7448127433308 	1.2805853821555078 
97 	96 	3992.4448127433207 	0.27648065988781378 
97 	288 	1925.0999999999985 	0.59812607306112942 
98 	97 	5917.5448127433192 	0.66419097472140431 
99 	98 	5917.5448127433192 	0.29127311831919267 
99 	283 	0 	0.5 
100 	99 	5917.5448127433192 	0.41947742274961575 
101 	100 	5401.2000000000116 	0.28556467229990495 
101 	278 	0 	0.5 
102 	101 	5401.2000000000116 	0.81104693699359087 
103 	59 	679.90000000001601 	0.33333496147138192 
103 	61 	3020.3022480553773 	0.33396749700765166 
103 	237 	2831.8000000000029 	0.33382339415112894 
104 	103 	6532.0022480553962 	0.85294191881907411 
105 	104 	6532.0022480553962 	0.30031563948850198 
105 	279 	287.80000000000291 	0.50004901560882309 
106 	105 	6819.8022480553991 	0.44000935053986029 
107 	106 	6284.5178918675301 	0.29635011667404854 
107 	284 	0 	0.5 
108 	107 	6284.5178918675301 	0.67576806946131562 
109 	108 	4138.7079247134607 	0.27707908814353999 
109 	289 	811.79999999999563 	0.50310289751007498 
110 	109 	4950.5079247134563 	1.2847548609183557 
111 	110 	4950.5079247134563 	0.28175384889741067 
111 	291 	187.80000000000291 	0.50000888696755652 
112 	111 	5138.3079247134592 	0.72500433719502377 
113 	112 	3492.6000000000276 	0.35192812926413225 
113 	183 	1668.2000000000044 	0.33347742255019197 
113 	195 	2688.2000000000044 	0.33430493035804237 
114 	113 	7849.0000000000364 	0.3831753346629872 
115 	114 	7849.0000000000364 	0.27755809733417941 
116 	115 	6819.4000000000015 	0.30552213642489345 
116 	294 	255.5 	0.50003044632373161 
117 	116 	7074.9000000000015 	1.2429520937433511 
118 	5 	4644.2000000000044 	1.1020562452704585 
119 	118 	4644.2000000000044 	1.1187733250860805 
120 	119 	3210.5000000000073 	0.27423121657239063 
120 	400 	3562.0312664272133 	1.6501703080343431 
121 	120 	6772.5312664272205 	0.60925349253781369 
122 	121 	6772.5312664272205 	0.69464129301774669 
123 	122 	6732.8312664272235 	0.30388271116994114 
123 	382 	0 	0.5 
124 	123 	6732.8312664272235 	0.96022332415629119 
125 	124 	6732.8312664272235 	0.30388271116994114 
125 	366 	885.80000000000291 	0.50439859470180248 
126 	125 	7618.6312664272264 	1.0234095166422341 
127 	126 	6981.3312664272235 	0.30876088489871034 
127 	350 	0 	0.5 
128 	127 	6981.3312664272235 	0.70406838186826526 
129 	128 	6981.3312664272235 	0.35811584421964215 
130 	129 	6155.4312664272293 	0.29445923545248087 
130 	324 	1491.8222969140552 	0.53538666367806831 
131 	130 	7647.2535633412845 	1.0258575573555504 
132 	131 	7310.2535633412772 	0.36659292173150093 
132 	314 	1008.2777030859652 	0.50738400354376889 
133 	132 	8318.5312664272424 	0.59411392944459251 
134 	133 	8318.5312664272424 	0.44231389537893923 
135 	134 	7965.8255897691488 	0.33388260636681449 
135 	298 	499.5 	0.50044474719042964 
136 	135 	8465.3255897691488 	0.1963706199395 
137 	136 	5445.0233417137715 	0.66341037532850855 
138 	60 	2998.6000000000276 	0.33394946549296017 
138 	137 	3188.2920752865757 	0.13169282232843094 
138 	236 	2512.0000000000073 	0.33363677696632316 
139 	138 	8698.8920752866106 	1.4389772651047352 
140 	139 	8436.692075286599 	0.3497048291955101 
140 	265 	73.700000000004366 	0.50000021078572432 
141 	140 	8510.3920752866034 	1.2124265832878689 
142 	72 	6210.8023717394462 	0.36101746165763038 
142 	76 	3914.8000000000247 	0.33770330180491326 
143 	142 	10125.602371739471 	1.4881000668517028 
144 	143 	10069.402371739474 	0.42904647924310524 
144 	264 	311.40000000003783 	0.500067180878075 
145 	144 	10380.802371739512 	1.4738848630468337 
146 	145 	6592.5023717395161 	0.13264241693966491 
147 	57 	3630.8000000000247 	0.33465770281339247 
147 	146 	3221.2490257771933 	0.76790833187562524 
148 	147 	6852.049025777218 	0.25721816501841382 
149 	148 	6335.4490257771977 	0.29712895173082582 
149 	297 	112.40000000001601 	0.5000011403455914 
150 	149 	6447.8490257772137 	0.38270239081641877 
151 	150 	6447.8490257772137 	0.25113429082830596 
152 	151 	5208.949025777205 	0.64718880235908738 
152 	310 	222.20000000001164 	0.50001741596171745 
153 	152 	5431.1490257772166 	0.7317436869031152 
154 	153 	3628.9490257771977 	0.27525358858379201 
154 	323 	334.69999999999709 	0.50008965904164038 
155 	154 	3963.6490257771948 	0.32054770187124798 
156 	155 	3963.6490257771948 	0.63020808883747803 
157 	156 	3963.6490257771948 	0.2763703245179846 
157 	349 	578.20000000001892 	0.50079851594433211 
158 	157 	4541.8490257772137 	0.88188098592840558 
159 	158 	3203.7000000000626 	0.27421756391107055 
159 	365 	0 	0.5 
160 	159 	3203.7000000000626 	0.866485953567384 
161 	160 	3203.7000000000626 	0.27421756391107055 
161 	381 	191.50000000001455 	0.50000960829561092 
162 	161 	3395.2000000000771 	0.62625462317579794 
163 	162 	3395.2000000000771 	0.54927315756055917 
164 	163 	1832.0999999999985 	0.27278606001051181 
164 	399 	754.69999999999709 	0.50231776095755432 
165 	164 	2586.7999999999956 	1.0931838350869516 
166 	6 	6522.2000000000189 	1.1355720176199173 
167 	166 	6522.2000000000189 	1.2005989411736266 
168 	167 	5835.9000000000233 	0.29026450315344071 
168 	409 	2133.5874961027585 	0.64805158902579008 
169 	168 	7969.4874961027817 	0.94859738306910257 
170 	169 	4449.1874961027497 	0.35666321924182476 
171 	170 	3488.3874961027395 	0.066009936310845146 
171 	216 	1695.4000000000087 	0.3334870524186927 
172 	171 	5183.7874961027483 	0.29498918440946992 
172 	393 	373.41250389728521 	0.50013890781137471 
173 	172 	5557.2000000000335 	0.5283569350795434 
174 	173 	5557.2000000000335 	0.24123007055763032 
175 	174 	5557.2000000000335 	0.28712686452191299 
175 	377 	870.00000000001455 	0.50409306134259291 
176 	175 	6427.200000000048 	0.89574054302549044 
177 	176 	5863.6000000000349 	0.29060199596927855 
177 	360 	0 	0.5 
178 	177 	5863.6000000000349 	0.8718059879078357 
179 	178 	5418.6000000000276 	0.28573235509104095 
179 	336 	852.10000000002037 	0.50376646125440738 
180 	179 	6270.700000000048 	2.0729943735525951 
181 	180 	6000.3000000000466 	0.29233895280250027 
181 	307 	756.69999999998981 	0.5023424276124121 
182 	181 	6757.0000000000364 	0.17038098728296991 
183 	182 	6757.0000000000364 	0.43828722198069148 
184 	92 	1559.153048460983 	0.33344328294359804 
184 	112 	1632.107924713433 	0.33346535171833491 
184 	183 	3251.6000000000204 	0.39505602807248136 
185 	184 	6442.8609731744364 	0.8127384298253798 
186 	185 	6442.8609731744364 	0.4303665053015493 
187 	186 	4630.9079247134578 	0.27961263917054502 
187 	272 	194.40000000000873 	0.50001020366719995 
188 	187 	4825.3079247134665 	0.92131836686925139 
189 	188 	4825.3079247134665 	0.79769574070905847 
190 	63 	6981.7448127433163 	0.37754082757253354 
190 	85 	570.70000000000437 	0.33333530665622335 
191 	190 	7552.4448127433207 	0.91487228716357849 
192 	191 	7552.4448127433207 	1.0566543087647118 
193 	192 	6804.1448127433177 	0.30522866292925377 
193 	271 	2664.1999999999971 	0.85994698390282964 
194 	193 	9468.3448127433148 	0.56872887126561922 
195 	194 	9468.3448127433148 	1.074032955945087 
196 	92 	2746.2000000000189 	0.33439153522272425 
196 	112 	13.599999999998545 	0.33333333300063656 
196 	195 	6095.9000000000087 	0.42286643189380807 
197 	196 	8855.7000000000262 	0.52738162402932098 
198 	197 	8855.7000000000262 	0.20501579163302716 
199 	198 	8481.5000000000218 	0.35135565083777559 
199 	306 	244.60000000000582 	0.50002557390536628 
200 	199 	8726.1000000000276 	2.5258766356875491 
201 	200 	7816.6000000000276 	0.3294190214307402 
201 	335 	836.60000000000582 	0.50349979562534442 
202 	201 	8653.2000000000335 	1.0737841458589035 
203 	202 	8653.2000000000335 	0.35792804861963445 
203 	359 	452.70000000000437 	0.50030006353475465 
204 	203 	9105.9000000000378 	1.1316946230429672 
205 	204 	7432.0000000000291 	0.3190376242215196 
205 	376 	0 	0.5 
206 	205 	7432.0000000000291 	0.26803994370099204 
207 	206 	7432.0000000000291 	0.58707756792251176 
208 	207 	6805.0000000000073 	0.3175011141767381 
209 	208 	3954.9999999999927 	0.066362905962072963 
209 	392 	647.64252276431944 	0.50125693455638909 
210 	209 	4602.6425227643122 	0.35777215984523736 
210 	250 	3293.4000000000087 	0.3355221927881098 
211 	210 	7896.0425227643209 	0.94225931246734229 
212 	211 	5499.5425227643063 	0.28653389897742793 
212 	408 	1077.0574772356849 	0.50961450131668373 
213 	212 	6576.5999999999913 	1.2043197841154794 
214 	7 	4983.6000000000204 	1.1058366016885117 
215 	214 	4983.6000000000204 	1.1058366016885117 
216 	215 	3779.7000000000189 	0.39443828678549808 
217 	169 	3520.300000000032 	0.33619065194498554 
217 	216 	2084.3000000000102 	0.58906033699004745 
218 	217 	5604.6000000000422 	0.28995705705130126 
218 	392 	469.80000000001746 	0.50034803529807503 
219 	218 	6074.4000000000597 	0.79836729711774768 
220 	219 	5393.5000000000582 	0.51135745902675567 
220 	363 	0 	0.5 
221 	220 	5393.5000000000582 	1.1894481855844252 
222 	221 	5393.5000000000582 	0.32230887964716037 
223 	222 	5210.2000000000626 	0.43240174887155886 
223 	346 	617.90000000000146 	0.50104146342789901 
224 	223 	5828.100000000064 	0.99606497450810683 
225 	224 	4465.4000000000451 	0.62729467701616748 
225 	330 	1387.400000000016 	0.52647146662593813 
226 	225 	5852.8000000000611 	0.96299514365152028 
227 	226 	5766.1000000000568 	0.40252854400591359 
227 	311 	144.66873357279837 	0.50000312946401215 
228 	227 	5910.7687335728551 	1.1208887875885627 
229 	228 	5840.8687335728464 	0.48128929550587407 
229 	277 	228.30000000000291 	0.50001940863036121 
230 	229 	6069.1687335728493 	0.12371385081910481 
231 	56 	2554.5 	0.33365783964487922 
231 	230 	3574.2687335728042 	0.29560531869064471 
232 	58 	6045.0312664271914 	0.3435097330652499 
232 	231 	6128.7687335728042 	0.32639081967654882 
233 	232 	12173.799999999996 	1.6380226412299237 
234 	4 	10223.900000000009 	1.3628519821272893 
235 	234 	10223.900000000009 	1.3628519821272893 
236 	235 	8936.1000000000131 	0.13748475322498668 
237 	236 	6424.1000000000058 	0.260485414995412 
238 	55 	2691.3533459623068 	0.33373316987555529 
238 	61 	0 	0.33333333300000001 
238 	237 	3592.3000000000029 	0.22990959179686957 
239 	238 	6283.6533459623097 	0.23720109660671287 
240 	239 	5567.4000000000306 	0.47911204357073722 
240 	299 	469.10000000002037 	0.5003459656450342 
241 	240 	6036.5000000000509 	0.96630568961560492 
242 	241 	5357.5000000000509 	0.63335272912980212 
242 	317 	411.20000000000437 	0.50020426015960784 
243 	242 	5768.7000000000553 	0.96157992598796294 
244 	243 	5402.4000000000524 	0.40025220618200752 
244 	339 	1872.6999999999898 	0.58787069976057182 
245 	244 	7275.1000000000422 	1.1139277201378215 
246 	245 	6033.2000000000335 	0.64047410081422163 
246 	347 	0 	0.5 
247 	246 	6033.2000000000335 	1.2022188267948455 
248 	247 	5541.6670563491571 	0.40107162043003908 
248 	374 	464.29999999999563 	0.50033202132443677 
249 	248 	6005.9670563491527 	0.92086068286670975 
250 	249 	5689.5000000000146 	0.36838737572538549 
251 	250 	2396.1000000000058 	0.054564012483863611 
251 	391 	1891 	0.59135605942901948 
252 	208 	2850.0000000000146 	0.33456082722680591 
252 	251 	4287.1000000000058 	0.52737910283975575 
253 	252 	7137.1000000000204 	1.1551455588519783 
254 	15 	3703.3000000000393 	1.033179649993472 
254 	255 	407.10000000004948 	2.0000096905990499 
255 	70 	156.80000000001746 	0.50000431872426077 
255 	254 	3703.3000000000393 	2.066359299986944 
255 	256 	250.30000000003201 	0.50000034620203992 
256 	78 	270.60000000003492 	0.50003830737666766 
256 	255 	1283.8528155172899 	0.50023963330387455 
256 	266 	9.5 	1.920075758002759 
257 	14 	37 	1.0000000003306155 
257 	258 	125.20000000004075 	2.0000000866889076 
258 	68 	105.10000000002037 	0.50000087173023067 
258 	257 	37 	2.0000000006612311 
258 	259 	793.90000000002328 	0.50003503881676004 
259 	80 	1221.0000000000146 	0.51587939305613506 
259 	258 	75.30000000000291 	0.5000000028357382 
259 	267 	799.30000000001019 	1.9202140107682832 
260 	66 	1232.3000000000029 	0.51647544057024208 
260 	261 	0 	0.5 
261 	82 	0 	0.5 
261 	260 	1232.3000000000029 	0.5002034005008672 
261 	269 	942.09999999999854 	1.8601069381324784 
262 	13 	592.80000000000291 	1.0000217845703872 
262 	273 	37 	2.0000000006612311 
263 	16 	241.50000000002183 	1.0000006000462971 
263 	264 	249 	2.0000013562620311 
264 	143 	56.19999999999709 	0.50000007127159951 
264 	263 	241.50000000002183 	2.0000012000925942 
264 	265 	322.90000000002328 	0.50000095886707019 
265 	139 	262.20000000001164 	0.5000337677397787 
265 	264 	60.200000000004366 	0.50000000115843635 
265 	266 	188.10000000002037 	1.000000220836778 
266 	24 	340.30000000003201 	0.14906833489713095 
266 	39 	24.19999999999709 	1.4598484850883253 
266 	256 	86.4528155172884 	1.9200757769213079 
266 	265 	113.90000000000873 	1.0000000296900629 
266 	277 	76.700000000011642 	3.579924263856042 
267 	24 	306.80000000000291 	0.14906833085987911 
267 	39 	18.30000000000291 	1.4598484850288822 
267 	259 	1245.1000000000058 	1.92088980881737 
267 	268 	1412.2000000000044 	1.0007016185267923 
267 	281 	921.3843561878748 	1.6403600425910869 
268 	25 	4077.2999999999956 	0.14931350304086155 
268 	40 	13.30000000000291 	1.3200757580072866 
268 	267 	2330.8843561878748 	1.0052071384869339 
268 	287 	2534.7156438121456 	1.7326008457102438 
269 	25 	4303.3999999999942 	0.14937258050977933 
269 	40 	34.099999999998545 	1.320075758314871 
269 	261 	1232.3000000000029 	1.8606050732267723 
269 	270 	550.55304846098443 	1.0000162073834273 
269 	290 	2089.7469515390403 	2.5084106784537887 
270 	269 	3178.0999999999913 	1.0179964337923006 
270 	271 	550.55304846098443 	0.57993364105454892 
271 	192 	748.30000000000291 	0.50224013516674781 
271 	270 	3178.0999999999913 	0.59036081022570319 
271 	272 	550.55304846098443 	0.50000810369171367 
272 	186 	1811.9530484609786 	0.57701210653998103 
272 	271 	1262.1999999999971 	0.50022387156097703 
272 	273 	454.00000000001455 	2.2799413287729116 
273 	26 	302.30000000001019 	0.1490683304087857 
273 	41 	55.30000000000291 	1.0000000016497448 
273 	262 	592.80000000000291 	2.0000435691407743 
273 	272 	2783.1999999999971 	0.28288726070825904 
273 	292 	56.400000000001455 	2.0000000035699541 
274 	26 	378.80000000003201 	0.14906834126561611 
274 	41 	342.5 	1.0000024274960007 
274 	275 	501.60000000003492 	2.000022334504747 
274 	293 	615.00000000000728 	1.4201115947153029 
275 	12 	501.60000000003492 	1.0000111672523735 
275 	274 	488.20000000001164 	2.0000200418273115 
276 	17 	1184.0000000000291 	1.0003466754031849 
276 	296 	648.30000000002474 	2.0000623232800248 
277 	228 	69.900000000008731 	0.50000017056108337 
277 	266 	222.55281551729422 	3.579925791253292 
277 	299 	235.10000000000582 	0.72007614606540338 
278 	100 	516.34481274330756 	0.50050784422315187 
278 	279 	0 	0.5 
279 	104 	0 	0.5 
279 	278 	516.34481274330756 	0.50000626968176731 
279 	280 	287.80000000000291 	0.42007626640170448 
280 	279 	516.34481274330756 	0.42008102548264165 
280 	300 	287.80000000000291 	0.42007626640170448 
281 	267 	576.59999999999854 	1.6401834964935342 
281 	282 	921.3843561878748 	0.57999797311818713 
282 	281 	576.59999999999854 	0.57993555000613628 
282 	283 	921.3843561878748 	0.35989423585719038 
283 	98 	0 	0.5 
283 	282 	576.59999999999854 	0.35985550172491299 
283 	284 	921.3843561878748 	0.50006356961206933 
284 	106 	535.28435618786898 	0.50058655595432655 
284 	283 	576.59999999999854 	0.50000974955461186 
284 	285 	386.10000000000582 	0.27992533937721115 
285 	284 	576.59999999999854 	0.27992970027336911 
285 	286 	386.10000000000582 	0.57992651545671403 
286 	285 	576.59999999999854 	0.57993555000613628 
286 	302 	386.10000000000582 	0.42007740480829536 
287 	268 	2815 	1.739129373267452 
287 	288 	2534.7156438121456 	0.72531913869705544 
288 	96 	829.30000000001019 	0.50337923118589611 
288 	287 	2815 	0.72805217787135712 
288 	289 	2687.0156438121412 	0.50459797921490812 
289 	108 	2145.8099671540695 	0.65147336586222349 
289 	288 	1871.5000000000073 	0.50108204556644698 
289 	303 	1698.5 	1.2218670452004707 
290 	94 	1898.1469515390418 	0.59274501378843281 
290 	269 	217.30000000000291 	2.5000009833205916 
290 	291 	191.59999999999854 	0.50000011886889983 
291 	110 	0 	0.5 
291 	290 	217.30000000000291 	0.50000019666411832 
291 	304 	379.40000000000146 	1.2799289203185591 
292 	273 	296.5 	2.0000027267480185 
292 	305 	56.400000000001455 	1.859848488319787 
293 	89 	550.69999999999709 	0.50065710012363429 
293 	274 	979.40000000005966 	1.4203062565152158 
293 	294 	335.20000000001164 	0.50000111353087673 
294 	115 	1029.6000000000349 	0.50802870273920109 
294 	293 	523.80000000001746 	0.50000663969607495 
294 	295 	310.70000000000437 	0.27992470217364657 
295 	294 	1273.4000000000451 	0.28005408427394507 
295 	308 	310.70000000000437 	0.72007694174844927 
296 	276 	1184.0000000000291 	2.0006933508063698 
296 	297 	610.40000000002328 	0.4200860453126557 
296 	310 	37.900000000001455 	1.5799242425750548 
297 	148 	516.60000000002037 	0.50050884891207503 
297 	296 	894.00000000001455 	0.42012309425705452 
297 	298 	206.20000000001892 	0.50000015945600085 
298 	134 	352.70567665809358 	0.5001105658581616 
298 	297 	894.00000000001455 	0.50005634252411979 
298 	299 	124.40000000001601 	1.140151563168188 
299 	239 	716.25334596227913 	0.50188034655209302 
299 	277 	222.55281551729422 	0.72007606962104642 
299 	298 	665.40567665810522 	1.1401909448200194 
299 	300 	185.20000000001892 	1.0000002075296479 
299 	315 	222.44225269302842 	1.9200765872848329 
300 	280 	516.34481274330756 	0.42008102548264165 
300 	299 	455.44792935112491 	1.0000075905133341 
300 	301 	185.20000000001892 	0.50000010376482396 
300 	316 	239.6577473069774 	1.9200768753789239 
301 	300 	407.3056766580994 	0.5000024275493965 
301 	302 	185.20000000001892 	0.50000010376482396 
302 	27 	207.30000000001019 	0.14906832463829328 
302 	42 	252.20000000001164 	1.0000007136685336 
302 	286 	576.59999999999854 	0.4200839491030875 
302 	301 	407.3056766580994 	0.5000024275493965 
302 	311 	668.30000000001019 	1.1401916353425987 
303 	27 	144.40000000000873 	0.14906832338571208 
303 	28 	840.80000000001019 	0.14906876636893066 
303 	42 	387.80567665808485 	1.0000039899997415 
303 	43 	12.099999999998545 	1.540151515005824 
303 	289 	2216.9943233419399 	1.2252752551231487 
303 	319 	1669.1999999999971 	2.143082369406065 
304 	28 	438.40000000000873 	0.14906835577001395 
304 	43 	5.6000000000058208 	1.5401515150002671 
304 	291 	217.30000000000291 	1.2799247454303453 
304 	305 	737.69999999999709 	0.92012382631978318 
304 	312 	251 	0.27992443799798955 
305 	292 	296.5 	1.8598510206690857 
305 	304 	248.70000000001164 	0.92007637893043737 
305 	306 	558.5 	0.7200881171077862 
305 	321 	0 	3.2799242419999999 
306 	198 	374.20000000000437 	0.5001400833037366 
306 	305 	296.70000000001164 	0.72007674238411135 
306 	307 	194.29999999999563 	0.50000012571219998 
307 	180 	270.40000000000146 	0.50003819425049401 
307 	306 	62.100000000005821 	0.5000000013117547 
307 	308 	856.09999999999127 	0.50004737881696326 
308 	29 	1019.8999999999942 	0.14906928289739144 
308 	44 	32.200000000004366 	1.0000000001896443 
308 	295 	1273.4000000000451 	0.72040976363367937 
308 	307 	237.6000000000131 	0.50000028110719996 
308 	309 	37 	2.0000000006612311 
309 	11 	37 	1.0000000003306155 
309 	308 	485.80000000003929 	2.0000196506199943 
310 	151 	1238.9000000000087 	0.51683124550451365 
310 	296 	290.00000000001455 	1.5799262132625631 
310 	313 	37.900000000001455 	0.27992424210188577 
311 	226 	86.700000000004366 	0.50000040368966669 
311 	302 	838.40000000000146 	1.1402508915388965 
311 	317 	726.26873357280419 	0.72011109940422735 
312 	304 	413 	0.27992567866971607 
312 	320 	251 	2.7200776625488032 
313 	310 	1306.7000000000116 	0.28006820811827604 
313 	314 	0 	0.77992424199999999 
313 	325 	1046.1777030859666 	1.7204392422807064 
314 	131 	337.00000000000728 	0.50009214904664634 
314 	313 	1008.2777030859652 	0.27997527808876332 
314 	315 	0 	1.6401515149999999 
315 	299 	727.8061614795588 	1.9201707960454237 
315 	314 	337.00000000000728 	1.7200796716627469 
315 	316 	0 	2.5799242420000001 
315 	327 	336.50570108256215 	1.0799266847510902 
316 	300 	516.34481274330756 	1.9200998345279436 
316 	315 	451.06344838954101 	1.0000073024192435 
316 	317 	471.59999999999854 	0.859855987972175 
316 	328 	398.29429891744803 	1.0799290363073311 
317 	241 	679 	0.50151862428327187 
317 	311 	838.40000000000146 	0.72013852039221893 
317 	316 	609.70000000001164 	1.0000243770416779 
317 	318 	0 	1.1401515149999999 
317 	329 	453.56873357279983 	1.0799323047268432 
318 	317 	0 	1.1401515149999999 
318 	319 	0 	1 
319 	303 	1595.0999999999985 	2.1425955780247787 
319 	318 	0 	0.859848485 
319 	320 	890.20000000000437 	1.000110781331206 
319 	330 	1635.1999999999971 	0.86093296529172425 
320 	312 	413 	2.7200897183859927 
320 	319 	10.200000000004366 	2.5799242420049269 
320 	321 	722.40000000000146 	1.7201583950383734 
320 	332 	273.40000000000146 	0.7200764677222995 
321 	305 	12.900000000001455 	3.2799242420160231 
321 	320 	10.200000000004366 	1.6401515150031318 
321 	333 	0 	0.72007575800000001 
321 	334 	722.40000000000146 	0.27993769030901794 
322 	18 	1626.7000000000189 	1.0012352250386076 
322 	323 	2185.8000000000175 	2.0080535600621676 
323 	153 	1802.2000000000189 	0.57536733943679608 
323 	322 	1626.7000000000189 	2.0024704500772152 
323 	324 	718.29999999999563 	0.50002348062701063 
324 	129 	825.89999999999418 	0.50332415378599993 
324 	323 	1626.7000000000189 	0.50061761251930381 
324 	325 	776.22229691403481 	0.57996138114812035 
325 	313 	1306.7000000000116 	1.7209603996024947 
325 	324 	1018.6999999999971 	0.58003441437404446 
325 	326 	437.49999999999272 	0.8598540421277362 
325 	340 	1379.1000000000058 	0.36007810987465472 
326 	325 	774.39999999999418 	0.85990303559945058 
326 	327 	437.49999999999272 	1.5799344529162014 
327 	315 	727.8061614795588 	1.0799776950414948 
327 	326 	774.39999999999418 	1.5800244757225581 
327 	328 	786.58588456565485 	1.0000675306320264 
327 	341 	381.89816688701103 	1.0000037523774277 
328 	316 	987.9448127433061 	1.0801057267974896 
328 	327 	819.79246580444305 	1.0000796768049411 
328 	329 	923.11010490336048 	1.0001280944283515 
328 	342 	447.51778247898619 	1.0000070755044412 
329 	31 	1191.0999999999985 	0.14907010861301556 
329 	46 	736.30000000000291 	1.0000518484074876 
329 	317 	971.60000000000582 	1.0800940114472191 
329 	328 	869.01594936598121 	1.0001006067706475 
329 	343 	723.15278420682444 	1.0000482432403384 
330 	31 	3156.4999999999854 	0.14915639089561203 
330 	46 	320 	1.0000018497631911 
330 	224 	1362.7000000000189 	0.52463611749423333 
330 	319 	2441.0999999999985 	0.86523465966807367 
330 	331 	392.5 	0.4200775167434127 
330 	339 	628.30000000000291 	0.6401691131589603 
331 	330 	962.60000000000582 	0.42013938292286707 
331 	332 	392.5 	1.9200837968371072 
332 	32 	803.59999999999854 	0.14906869295947683 
332 	47 	0 	0.92007575799999997 
332 	320 	267.59999999999854 	0.7200764093866393 
332 	331 	962.60000000000582 	1.9203665738104228 
332 	345 	350.89999999999418 	0.72007768387405691 
333 	32 	591.40000000000873 	0.14906843152248381 
333 	47 	143.10000000000582 	0.94015158454607184 
333 	321 	12.900000000001455 	0.72007575800351775 
333 	334 	649.80000000001019 	0.42008896982058885 
333 	358 	0 	2.0799242420000001 
334 	321 	10.200000000004366 	0.77992424200148935 
334 	333 	734.50000000001455 	0.4200973260578631 
334 	335 	1372.2000000000116 	0.28009931790928005 
335 	200 	909.5 	0.50488857245724073 
335 	334 	744.70000000001892 	0.27993942935505006 
335 	336 	1516.1000000000131 	0.50046601255259371 
336 	178 	445.00000000000728 	0.50028016332751057 
336 	335 	961.50000000001455 	0.50007538472908142 
336 	337 	1981.5000000000291 	0.50135976084340761 
337 	29 	842 	0.14906876890548065 
337 	33 	577.30000000001019 	0.14906842153730368 
337 	44 	229.20000000001164 	3.0000014604810548 
337 	48 	17.400000000001455 	1.0000000000161702 
337 	336 	1019.8000000000175 	0.50009539953429072 
337 	338 	734.00000000002183 	2.0001024071913212 
338 	10 	734.00000000002183 	1.0000512035956606 
338 	337 	69.200000000018917 	2.000000008090411 
339 	243 	366.30000000000291 	0.50012862308375472 
339 	330 	1504.2999999999811 	0.64072979319853551 
339 	344 	875.10000000000582 	0.42011921648424716 
340 	30 	1379.0000000000073 	0.14907153112667992 
340 	45 	0 	1 
340 	325 	1545.2000000000116 	0.36021037342819473 
340 	351 	270.59999999999854 	1.7200773849528384 
341 	30 	1298.0000000000218 	0.14907084121736375 
341 	45 	0 	1 
341 	327 	1076.8920460452209 	1.0002372492765583 
341 	342 	599.21411543435534 	1.0000227428224544 
341 	353 	413.30570108255779 	2.0000102951291501 
342 	328 	1124.4690330810117 	1.0002820370861303 
342 	341 	811.10753419556568 	1.0000763536779278 
342 	343 	411.48989509664534 	1.0000050576982933 
342 	354 	398.29429891744803 	2.0000088789697363 
343 	329 	1230.9898950966453 	1.0004050738161885 
343 	342 	761.88405063402752 	1.0000594390347501 
343 	344 	74.30000000000291 	2.0000000107523026 
343 	355 	613.36873357280274 	2.0000499381847532 
344 	339 	244.69999999999709 	0.42007602369275793 
344 	343 	652.10000000000582 	2.0000637974053497 
344 	356 	336.30000000000291 	2.0000045128789519 
345 	332 	180.49999999999272 	0.72007589283518492 
345 	346 	350.89999999999418 	0.64015322711317912 
346 	222 	183.29999999999563 	0.5000080653107084 
346 	345 	180.49999999999272 	0.64015163486925952 
346 	347 	785.5 	1.0799967680904956 
347 	245 	1241.9000000000087 	0.51699486626121494 
347 	346 	180.49999999999272 	1.0799244442173128 
347 	357 	785.5 	0.27994304129176295 
348 	18 	523.50000000001455 	1.0000132489958429 
348 	349 	683.00000000000728 	2.0000767766272931 
349 	156 	0 	0.5 
349 	348 	523.50000000001455 	2.0000264979916857 
349 	350 	765.80000000001019 	0.50003033525654683 
350 	126 	637.30000000000291 	0.50117854702766829 
350 	349 	28.099999999998545 	0.50000000005499357 
350 	351 	188.00000000000728 	0.85984867448269253 
351 	340 	11 	1.7200757580044426 
351 	350 	87.599999999998545 	0.85984849393212059 
351 	352 	116.60000000000582 	0.72007578147948736 
351 	367 	342 	2.0000048267037038 
352 	351 	87.599999999998545 	0.72007576548015917 
352 	353 	116.60000000000582 	1.4200758043043653 
353 	341 	1063.6061614795617 	2.0004515123081248 
353 	352 	87.599999999998545 	1.420075772751771 
353 	354 	587.32411298276566 	1.0000209907301538 
353 	369 	688.13923715051351 	2.0000791136646612 
354 	342 	936.74481274330174 	2.0002716635695417 
354 	353 	362.43353606795426 	1.0000030438954028 
354 	355 	513.21180779861606 	1.0000122377838845 
354 	370 	263.96076284949231 	2.0000017127884067 
355 	343 	893.80000000000291 	2.0002251684906804 
355 	354 	228.09999999999854 	1.0000004775483633 
355 	356 	312.23248188481375 	2.000003353192918 
355 	371 	574.96873357280128 	2.0000385587663074 
356 	344 	283.69999999999709 	2.0000022855122777 
356 	355 	189.69999999999709 	2.0000004568940883 
356 	357 	347.11465460631007 	2.0000051219815815 
356 	372 	362.0853453936943 	2.0000060644302819 
357 	347 	1422.4000000000015 	0.28012637801758877 
357 	356 	189.69999999999709 	2.0000004568940883 
357 	358 	287.30000000000291 	2.0000024037468016 
357 	373 	691.41465460631298 	2.0000806307197068 
358 	333 	0 	2.0799242420000001 
358 	357 	408.69999999999709 	2.0000098438449894 
358 	359 	287.30000000000291 	0.72007662343990009 
358 	363 	0 	1.7200757579999999 
359 	202 	0 	0.5 
359 	358 	408.69999999999709 	0.72007930215707117 
359 	360 	740.00000000000728 	0.50002644923425177 
360 	176 	563.6000000000131 	0.50072086705970942 
360 	359 	408.69999999999709 	0.50000246096124734 
360 	361 	740.00000000000728 	0.50002644923425177 
361 	33 	458.90000000000873 	0.14906836234292772 
361 	48 	107.20000000000437 	1.0000000232967512 
361 	360 	972.30000000001019 	0.50007882924500924 
361 	362 	425.40000000000146 	2.0000115541009493 
361 	378 	71.700000000004366 	2.0000000093244417 
362 	10 	425.40000000000146 	1.0000057770504747 
362 	361 	80.100000000013097 	2.0000000145236667 
363 	358 	0 	1.7200757579999999 
363 	375 	0 	0.27992424199999999 
364 	19 	1110.7000000000044 	1.0002684746638204 
364 	365 	746.90000000000873 	2.0001097984105254 
365 	158 	1338.1490257771511 	0.52290810536398047 
365 	364 	1110.7000000000044 	2.0005369493276408 
365 	366 	85.200000000004366 	0.50000000464776972 
366 	124 	0 	0.5 
366 	365 	1787.1490257771511 	0.50089976542152692 
366 	367 	200.30000000000291 	0.85984872915293387 
367 	351 	11 	2.0000000000051656 
367 	366 	1016.4490257771467 	0.86001039756987574 
367 	368 	282.80000000000291 	0.72007657047878648 
367 	384 	259.5 	2.2799260658372642 
368 	367 	1016.4490257771467 	0.72021135086143651 
368 	369 	282.80000000000291 	1.4200773603056127 
369 	34 	1355.4000000000015 	0.14907131708668242 
369 	49 	95.5 	1.0000000146733645 
369 	353 	1534.3302744623215 	2.001955337065453 
369 	368 	1016.4490257771467 	1.4203431633852592 
369 	370 	1782.5206997605419 	1.0017809615656135 
370 	354 	862.63250755915215 	2.0001953662299927 
370 	369 	821.76076284949522 	1.0000804447716569 
370 	371 	919.88819220138976 	1.0001263154276383 
370 	386 	0 	2 
371 	355 	692.8206740862006 	2.0000812885862391 
371 	370 	557.80000000000291 	1.0000170777345785 
371 	372 	689.36751811519207 	2.0000796800284761 
371 	387 	574.96873357280128 	2.0000385587663074 
372 	356 	344.36751811518479 	2.0000049617506801 
372 	371 	557.80000000000291 	2.000034155469157 
372 	373 	689.38534539369721 	2.0000796882710064 
372 	388 	301.40000000000146 	2.0000029115161762 
373 	35 	851.80000000001019 	0.1490687900302243 
373 	50 	275 	1.0000010088973821 
373 	357 	1049.5000000000073 	2.0004280317523104 
373 	372 	557.80000000000291 	2.000034155469157 
373 	374 	1288.3000000000029 	1.420765832152324 
374 	247 	491.5329436508764 	0.50041704389221586 
374 	373 	823.80000000001019 	1.4201911338421194 
374 	375 	1288.3000000000029 	0.58020605142281123 
375 	219 	680.90000000000146 	0.50153569361888106 
375 	363 	0 	0.27992424199999999 
375 	374 	851.03294365089096 	0.57997790475576538 
375 	376 	607.40000000000146 	0.7200930479429527 
375 	390 	0 	2 
376 	204 	1673.9000000000087 	0.5560904960012033 
376 	375 	851.03294365089096 	0.72014238954725318 
376 	377 	0 	0.5 
377 	174 	0 	0.5 
377 	376 	1917.5329436508982 	0.50119249772710872 
377 	378 	545.10000000000582 	0.50000778737255458 
378 	36 	400.00000000000728 	0.14906834571090338 
378 	51 	0 	1 
378 	361 	217.90000000000873 	2.0000007953808607 
378 	377 	1592.6329436508895 	0.50056747796621825 
378 	379 	229.70000000000437 	2.0000009821779869 
379 	9 	229.70000000000437 	1.0000004910889935 
379 	378 	1187.0329436508764 	2.0007004825223089 
380 	19 	191.50000000001455 	1.000000237241867 
380 	381 	291.09999999999127 	2.0000025334657487 
381 	160 	0 	0.5 
381 	380 	191.50000000001455 	2.0000004744837341 
381 	382 	291.09999999999127 	0.50000063336643719 
382 	122 	39.69999999999709 	0.50000001774734004 
382 	381 	0 	0.5 
382 	383 	251.39999999999418 	0.5799246506472463 
383 	382 	0 	0.57992424200000003 
383 	384 	251.39999999999418 	0.42007605400901171 
384 	367 	11 	2.2799242420058885 
384 	383 	0 	0.42007575800000002 
384 	385 	270.49999999999272 	2.0000018889275166 
384 	401 	2490.9412514772266 	2.0135831393119301 
385 	34 	314.49999999999272 	0.14906833167914699 
385 	49 	81.80000000000291 	1.0000000078982239 
385 	384 	2128.2412514772295 	2.0072381843952343 
385 	386 	689.52019826131436 	1.0000398753208062 
385 	402 	307.45830829423357 	2.0000031527617179 
386 	370 	0 	2 
386 	385 	1548.7995597714544 	1.0010150725553293 
386 	387 	713.00000000000728 	1.0000455904983152 
386 	403 	40.000440228548541 	2.0000000009032446 
387 	371 	462.30000000000291 	2.0000161154259595 
387 	386 	1588.8000000000029 	1.0011240694491361 
387 	388 	1045.572597964092 	2.0004216605655376 
387 	404 	955.40618139084108 	2.0002939668797177 
388 	372 	283.69999999999709 	2.0000022855122777 
388 	387 	1969.2374478180427 	2.0053056495323038 
388 	389 	926.0707452282295 	2.0002594913439182 
388 	405 	457.52925477179815 	2.0000154604342835 
389 	35 	274 	0.14906832800030731 
389 	50 	288.60000000000582 	1.0000012237748588 
389 	388 	1878.6374478180442 	2.0043945874973756 
389 	390 	965.20000000004075 	2.0003062072494346 
389 	406 	811.84580130744143 	2.0001532640900934 
390 	375 	0 	2 
390 	389 	1864.2125038972881 	2.0042611603950102 
390 	391 	965.20000000004075 	0.72018600420862089 
390 	407 	182.70000000000437 	2.5799247490810284 
391 	249 	316.46705634913815 	0.50007166139740611 
391 	390 	2046.9125038972925 	0.72230568951782714 
391 	392 	1731.5000000000437 	0.42074184939473613 
392 	207 	627.00000000002183 	0.50110418388946776 
392 	391 	1238.6795602464335 	0.42025021151507475 
392 	393 	2221.9425227643587 	0.42188199660858994 
393 	170 	960.80000000001019 	0.5060884006066424 
393 	392 	1238.6795602464335 	0.42025021151507475 
393 	394 	1574.5425227643573 	0.14030347580725758 
394 	36 	564.70000000002619 	0.14906841321226671 
394 	51 	20.80000000000291 	1.0000000000330194 
394 	393 	1178.6670563491571 	0.14019923260054915 
394 	395 	603.10000000002037 	2.0000466770638194 
394 	396 	610.84252276431653 	0.5799384851002708 
395 	9 	603.10000000002037 	1.0000233385319097 
395 	394 	1050.4670563491454 	2.0004296115647806 
396 	215 	1203.9000000000015 	0.51500834833220843 
396 	394 	35.900000000008731 	0.57992424216992822 
396 	410 	2 	2.0000000000000058 
397 	20 	6087.0999999999913 	1.2421909806447951 
397 	398 	503.60000000003492 	2.0000226928530682 
398 	397 	6087.0999999999913 	2.4843819612895901 
398 	399 	503.60000000003492 	0.57993082206780722 
399 	163 	1563.1000000000786 	0.54264992731028083 
399 	398 	6087.0999999999913 	0.7203766628696695 
399 	400 	737.30000000000291 	0.50002606532592064 
400 	119 	1433.6999999999971 	0.53018591772125445 
400 	399 	7129.2000000000407 	0.72785020192435101 
400 	401 	1205.2312664272104 	0.14020368196555116 
401 	37 	132.40000000000873 	0.14906832327261288 
401 	52 	956.13126642720454 	1.0001474301477873 
401 	384 	133.29999999999563 	2.0000001113952859 
401 	400 	5468.800000000032 	0.16226627245879258 
402 	37 	96.400000000016007 	0.14906832307661302 
402 	52 	2771.5587485227734 	1.010409085472723 
402 	385 	194.22019826131145 	2.0000005020232003 
402 	403 	691.67980173869728 	1.0000403772367745 
402 	412 	570.93126642720017 	2.0000374870723774 
403 	386 	23.479801738692913 	2.000000000107232 
403 	402 	1550.0004402285558 	1.0010182244138037 
403 	404 	668.20000000000437 	1.0000351675493018 
404 	387 	794.87259796408762 	2.0001408433407444 
404 	403 	1510.0000000000073 	1.0009171154482577 
404 	405 	1118.6274020359415 	2.0005524437060376 
404 	413 	1488.9687335728086 	2.0017341574592975 
405 	388 	410.92740203592984 	2.0000100602002444 
405 	404 	2043.5625521819748 	2.0061531564610773 
405 	406 	1030.129254771804 	2.0003972949997286 
405 	414 	509.40000000000146 	2.0000237564737815 
406 	38 	616.10000000000582 	0.14906845082013723 
406 	53 	923.30000000000291 	1.0800626881401709 
406 	389 	717.70000000001164 	2.0000936090850407 
406 	405 	1798.0625521819748 	2.0036877833582274 
406 	415 	934.19999999998254 	2.0002687235123 
407 	38 	1693.6000000000276 	0.14907562157078488 
407 	53 	1892.6874961027133 	1.0622477358377402 
407 	390 	0 	2.5799242420000001 
407 	408 	3154.1999999999825 	1.0987809736052372 
407 	416 	387.90000000003783 	2.0000079877660002 
408 	211 	2396.5000000000146 	0.73565734273941796 
408 	407 	3338.1874961027643 	1.1035808467748724 
408 	409 	1219.7574772356747 	0.50019524511663394 
409 	167 	686.29999999999563 	0.5015849925985878 
409 	408 	2723.1874961027861 	0.50485061048548741 
409 	410 	594.25747723568202 	0.22008059957925921 
410 	396 	630.95747723569366 	2.0000559173499384 
410 	409 	650.40000000003056 	0.22008270521207246 
410 	411 	37 	2.0000000006612311 
411 	8 	37 	1.0000000003306155 
411 	410 	722.1000000000422 	2.0000959258365776 
412 	21 	570.93126642720017 	1.0000187435361887 
412 	402 	1396.5000000000073 	2.0013418685540998 
413 	21 	1488.9687335728086 	1.0008670787296488 
413 	404 	1245.3000000000247 	2.0008484810902538 
414 	22 	509.40000000000146 	1.0000118782368907 
414 	405 	619.79999999999563 	2.000052065794875 
415 	22 	934.19999999998254 	1.00013436175615 
415 	406 	904.6000000000131 	2.0002362503981361 
416 	23 	387.90000000003783 	1.0000039938830001 
416 	407 	1522.5000000000073 	2.001895725363342 