    1	2	25900.20064	6	6	0.15	4	0	0	1	;
	1	3	23403.47319	4	4	0.15	4	0	0	1	;
	2	1	25900.20064	6	6	0.15	4	0	0	1	;
	2	6	4958.180928	5	5	0.15	4	0	0	1	;
	3	1	23403.47319	4	4	0.15	4	0	0	1	;
	3	4	17110.52372	4	4	0.15	4	0	0	1	;
	3	12	23403.47319	4	4	0.15	4	0	0	1	;
	4	3	17110.52372	4	4	0.15	4	0	0	1	;
    4	5	17782.7941	2	2	0.15	4	0	0	1	;
	4	11	4908.82673	6	6	0.15	4	0	0	1	;
	5	4	17782.7941	2	2	0.15	4	0	0	1	;
	5	6	4947.995469	4	4	0.15	4	0	0	1	;
	5	9	10000	5	5	0.15	4	0	0	1	;
	6	2	4958.180928	5	5	0.15	4	0	0	1	;
	6	5	4947.995469	4	4	0.15	4	0	0	1	;
	6	8	4898.587646	2	2	0.15	4	0	0	1	;
	7	8	7841.81131	3	3	0.15	4	0	0	1	;
	7	18	23403.47319	2	2	0.15	4	0	0	1	;
	8	6	4898.587646	2	2	0.15	4	0	0	1	;
	8	7	7841.81131	3	3	0.15	4	0	0	1	;
	8	9	5050.193156	10	10	0.15	4	0	0	1	;
	8	16	5045.822583	5	5	0.15	4	0	0	1	;
	9	5	10000	5	5	0.15	4	0	0	1	;
	9	8	5050.193156	10	10	0.15	4	0	0	1	;
	9	10	13915.78842	3	3	0.15	4	0	0	1	;
	10	9	13915.78842	3	3	0.15	4	0	0	1	;
	10	11	10000	5	5	0.15	4	0	0	1	;
	10	15	13512.00155	6	6	0.15	4	0	0	1	;
	10	16	4854.917717	4	4	0.15	4	0	0	1	;
	10	17	4993.510694	8	8	0.15	4	0	0	1	;
	11	4	4908.82673	6	6	0.15	4	0	0	1	;
	11	10	10000	5	5	0.15	4	0	0	1	;
	11	12	4908.82673	6	6	0.15	4	0	0	1	;
	11	14	4876.508287	4	4	0.15	4	0	0	1	;
	12	3	23403.47319	4	4	0.15	4	0	0	1	;
	12	11	4908.82673	6	6	0.15	4	0	0	1	;
	12	13	25900.20064	3	3	0.15	4	0	0	1	;
	13	12	25900.20064	3	3	0.15	4	0	0	1	;
	13	24	5091.256152	4	4	0.15	4	0	0	1	;
	14	11	4876.508287	4	4	0.15	4	0	0	1	;
	14	15	5127.526119	5	5	0.15	4	0	0	1	;
	14	23	4924.790605	4	4	0.15	4	0	0	1	;
	15	10	13512.00155	6	6	0.15	4	0	0	1	;
	15	14	5127.526119	5	5	0.15	4	0	0	1	;
	15	19	14564.75315	3	3	0.15	4	0	0	1	;
	15	22	9599.180565	3	3	0.15	4	0	0	1	;
	16	8	5045.822583	5	5	0.15	4	0	0	1	;
	16	10	4854.917717	4	4	0.15	4	0	0	1	;
	16	17	5229.910063	2	2	0.15	4	0	0	1	;
	16	18	19679.89671	3	3	0.15	4	0	0	1	;
	17	10	4993.510694	8	8	0.15	4	0	0	1	;
	17	16	5229.910063	2	2	0.15	4	0	0	1	;
	17	19	4823.950831	2	2	0.15	4	0	0	1	;
	18	7	23403.47319	2	2	0.15	4	0	0	1	;
	18	16	19679.89671	3	3	0.15	4	0	0	1	;
	18	20	23403.47319	4	4	0.15	4	0	0	1	;
	19	15	14564.75315	3	3	0.15	4	0	0	1	;
	19	17	4823.950831	2	2	0.15	4	0	0	1	;
	19	20	5002.607563	4	4	0.15	4	0	0	1	;
	20	18	23403.47319	4	4	0.15	4	0	0	1	;
	20	19	5002.607563	4	4	0.15	4	0	0	1	;
	20	21	5059.91234	6	6	0.15	4	0	0	1	;
	20	22	5075.697193	5	5	0.15	4	0	0	1	;
	21	20	5059.91234	6	6	0.15	4	0	0	1	;
	21	22	5229.910063	2	2	0.15	4	0	0	1	;
	21	24	4885.357564	3	3	0.15	4	0	0	1	;
	22	15	9599.180565	3	3	0.15	4	0	0	1	;
	22	20	5075.697193	5	5	0.15	4	0	0	1	;
	22	21	5229.910063	2	2	0.15	4	0	0	1	;
	22	23	5000	4	4	0.15	4	0	0	1	;
	23	14	4924.790605	4	4	0.15	4	0	0	1	;
	23	22	5000	4	4	0.15	4	0	0	1	;
	23	24	5078.508436	2	2	0.15	4	0	0	1	;
	24	13	5091.256152	4	4	0.15	4	0	0	1	;
	24	21	4885.357564	3	3	0.15	4	0	0	1	;
	24	23	5078.508436	2	2	0.15	4	0	0	1	;
    1 	2 	4494.6576464564205 	6.0008162373543197 
    1 	3 	8119.079948047809 	4.0086907502079407 
    2 	1 	4519.079948047809 	6.0008341229953821 
    2 	6 	5967.3363961713767 	6.5735982553868011 
    3 	1 	8094.6576464564205 	4.0085866534998482 
    3 	4 	14006.371019862527 	4.2694018322732905 
    3 	12 	10022.319615163622 	4.0201791556206405 
    4 	3 	14030.560917400857 	4.2712677558757353 
    4 	5 	18006.371019862527 	2.3153741062577953 
    4 	11 	5200 	7.1333004801798925 
    5 	4 	18030.560917400857 	2.3170722283501695 
    5 	6 	8798.2677141063105 	9.9982252077098899 
    5 	9 	15780.782055471172 	9.651310705325999 
    6 	2 	5991.7586977627652 	6.5995176673701739 
    6 	5 	8806.498666814754 	10.020702556347622 
    6 	8 	12492.925360562731 	14.690955002063726 
    7 	8 	12101.529122313244 	5.5521603811029898 
    7 	18 	15794.010606975833 	2.0622256872131777 
    8 	6 	12525.578614862563 	14.824159517828813 
    8 	7 	12040.918272853545 	5.5014129625630854 
    8 	9 	6882.6649126617776 	15.174707514675859 
    8 	16 	8388.7130630035899 	10.729473525552692 
    9 	5 	15796.741000301059 	9.6701545595005562 
    9 	8 	6836.7059752944042 	15.03786950444767 
    9 	10 	21744.076080176768 	5.6825330516020252 
    10 	9 	21814.076087639281 	5.717243386296829 
    10 	11 	17726.625032961048 	12.405689451182845 
    10 	15 	23125.797290102622 	13.722370282505469 
    10 	16 	11047.093881273468 	20.084809978398383 
    10 	17 	8100 	16.308017150740422 
    11 	4 	5300 	7.2230245551941348 
    11 	10 	17604.223533231314 	12.203254534036494 
    11 	12 	8365.2856538592168 	13.590227634461069 
    11 	14 	9776.1195327472524 	13.691285688495954 
    12 	3 	9973.7074160339034 	4.019790487445956 
    12 	11 	8404.934623946574 	13.735155648868583 
    12 	13 	12287.605269022839 	3.0227965436823721 
    13 	12 	12378.642039980477 	3.0234796715615868 
    13 	24 	11121.357960019523 	17.661007722734873 
    14 	11 	9814.0690629301607 	13.842645045035516 
    14 	15 	9036.3341340276384 	12.23433912804607 
    14 	23 	8400.4368302748553 	9.0793443117183674 
    15 	10 	23192.283359357847 	13.811560451025963 
    15 	14 	9079.8203165874729 	12.374604857173303 
    15 	19 	19083.289764747366 	4.3262120793321053 
    15 	22 	18409.935026515312 	9.0881436730596299 
    16 	8 	8406.7144052110962 	10.778811570380915 
    16 	10 	11073.009319210491 	20.236275698759833 
    16 	17 	11695.002916533696 	9.5014584909994753 
    16 	18 	15278.325241515115 	3.1634648042599296 
    17 	10 	8100 	16.308017150740422 
    17 	16 	11683.838282439508 	9.472854415655231 
    17 	19 	9953.0214320510204 	7.436626799094368 
    18 	7 	15854.621456435532 	2.0631863850180094 
    18 	16 	15333.406655753832 	3.1658348757764214 
    18 	20 	18976.79611920187 	4.2593710873324016 
    19 	15 	19116.724279078175 	4.335530792063869 
    19 	17 	9941.8567979568325 	7.4122740353295606 
    19 	20 	8688.3670404945951 	9.4590635081531964 
    20 	18 	18992.488382900287 	4.2602300670551969 
    20 	19 	8710.6369207312164 	9.5152493985015738 
    20 	21 	6302.0228741869942 	8.1656608127813008 
    20 	22 	7000 	7.7131300003052283 
    21 	20 	6239.9850181220318 	8.0816356896656067 
    21 	22 	8619.539698101762 	4.2135058260885172 
    21 	24 	10309.410803922008 	11.924059828422909 
    22 	15 	18386.472763999562 	9.0571671827464755 
    22 	20 	7000 	7.7131300003052283 
    22 	21 	8607.387929735014 	4.2010498558110108 
    22 	23 	9661.8242313658484 	12.365805495832021 
    23 	14 	8394.9001778979291 	9.0659665440877273 
    23 	22 	9626.2102004833505 	12.243138489387317 
    23 	24 	7902.9839270551529 	3.7593041884018925 
    24 	13 	11112.394730977161 	17.617020723058587 
    24 	21 	10259.524716223794 	11.752579405401582 
    24 	23 	7861.8332437957288 	3.7229467421027662 